-8.882155484396081491e-01 -4.987950882618202852e-01 1.000000000000000000e+00
-7.846372840699982198e-01 6.747389036871179746e-01 1.000000000000000000e+00
-5.323783047325356677e-01 8.679899950530627351e-01 1.000000000000000000e+00
5.627510696737624274e-01 3.624459238687561397e-02 2.000000000000000000e+00
2.826129415457022676e-01 -4.754686154447316238e-01 2.000000000000000000e+00
6.166469244771033420e-01 -7.149946010878664715e-02 2.000000000000000000e+00
9.283980861314983235e-01 -2.788093123209431923e-01 1.000000000000000000e+00
1.087843451852900767e+00 2.424957207038261897e-01 1.000000000000000000e+00
-2.648995708277609440e-01 9.841208726826512487e-01 1.000000000000000000e+00
-1.323861593689553140e-01 -5.587024158540062624e-01 2.000000000000000000e+00
-2.399670707981236273e-01 -5.469374216736013761e-01 2.000000000000000000e+00
4.273809179737431130e-01 9.146405628433358359e-01 1.000000000000000000e+00
8.158858008062108702e-01 5.306822489233282703e-01 1.000000000000000000e+00
8.113556015882465999e-01 -5.782154242524952803e-01 1.000000000000000000e+00
4.751861684173138145e-01 3.471289283326077779e-01 2.000000000000000000e+00
3.261917112647969019e-01 4.720639813958595887e-01 2.000000000000000000e+00
-4.729210824327167439e-01 -3.601107981538431702e-01 2.000000000000000000e+00
-5.924791040558395894e-01 8.005282932123597428e-01 1.000000000000000000e+00
-4.095116253889086178e-01 4.892053263137176033e-01 2.000000000000000000e+00
-8.247637927657484047e-01 -4.252310512707443979e-01 1.000000000000000000e+00
-1.006138959731807336e+00 -4.823161164049039051e-02 1.000000000000000000e+00
5.412299277332344172e-01 8.343512797353164201e-01 1.000000000000000000e+00
-9.181348709518936113e-01 3.758942158663014510e-01 1.000000000000000000e+00
9.594627435346058109e-01 -4.356524384548781104e-01 1.000000000000000000e+00
-3.265963192059107012e-01 9.354373879125060798e-01 1.000000000000000000e+00
-4.995184622160758203e-01 -3.307541098150899028e-01 2.000000000000000000e+00
-6.052476570151722468e-01 6.679308636010201639e-01 1.000000000000000000e+00
-1.485239886318672764e-01 9.868048097205789349e-01 1.000000000000000000e+00
5.335663577608436015e-01 -2.183046464793840513e-01 2.000000000000000000e+00
-1.462921368829683821e-01 9.923627241677090982e-01 1.000000000000000000e+00
-1.023965114032411527e+00 1.684133700225724228e-01 1.000000000000000000e+00
-3.798522758525145204e-01 -4.312293150933114161e-01 2.000000000000000000e+00
5.639561958159146071e-01 -1.881927187399976553e-01 2.000000000000000000e+00
7.074219275425611131e-02 -5.502252384933046248e-01 2.000000000000000000e+00
1.077986445913805824e-01 -5.879319095697008724e-01 2.000000000000000000e+00
9.781072778309074511e-01 -2.792800957892848102e-01 1.000000000000000000e+00
-4.797743230105725593e-02 -5.967082649454701349e-01 2.000000000000000000e+00
-1.955612639984643519e-01 -8.931301749828656211e-01 1.000000000000000000e+00
-3.978255236611991097e-01 -8.803656638887524810e-01 1.000000000000000000e+00
-1.032735852802064286e-01 -5.431727007971580701e-01 2.000000000000000000e+00
5.524426071662978943e-01 2.597955525566185697e-01 2.000000000000000000e+00
5.148693855602550773e-01 2.625062339844780324e-01 2.000000000000000000e+00
5.506879933629987844e-01 -4.218430809225600098e-01 2.000000000000000000e+00
6.343378864566662223e-01 7.824345823602837369e-01 1.000000000000000000e+00
-9.260378633936857673e-01 -3.512093144587998816e-01 1.000000000000000000e+00
3.820283839892200106e-01 9.909747800095256576e-01 1.000000000000000000e+00
3.109294631718889090e-01 5.050300907611384726e-01 2.000000000000000000e+00
-6.951707107085145498e-01 6.635906868233887312e-01 1.000000000000000000e+00
3.734367140859040091e-01 -4.562408199425930233e-01 2.000000000000000000e+00
7.564744355351912808e-02 6.194505458555104038e-01 2.000000000000000000e+00
1.050506542929794840e+00 -1.859577224452632349e-01 1.000000000000000000e+00
-3.263532286996312370e-02 5.503354395713642155e-01 2.000000000000000000e+00
1.355378439118978262e-01 4.806120381313604972e-01 2.000000000000000000e+00
-9.319176243230480328e-01 -2.628270995718048897e-01 1.000000000000000000e+00
-4.612151264502337145e-01 8.732830129499460359e-01 1.000000000000000000e+00
9.776590803009407860e-02 -5.508028801505364669e-01 2.000000000000000000e+00
1.275522085278729401e-01 -6.015319148523011750e-01 2.000000000000000000e+00
5.726440561607202273e-01 2.324499291232499931e-01 2.000000000000000000e+00
6.127177410381893230e-01 -3.172727410505601919e-03 2.000000000000000000e+00
-4.832799783120278470e-01 3.681363927787020818e-01 2.000000000000000000e+00
3.260340055744861409e-01 5.647068787977905790e-01 2.000000000000000000e+00
-4.656645504785794643e-01 -8.092407884654713168e-01 1.000000000000000000e+00
1.944650737866844004e-01 -8.954180170577296094e-01 1.000000000000000000e+00
-8.575182412164749080e-01 5.556664579297220241e-01 1.000000000000000000e+00
3.777453146134474027e-01 8.536353017710434088e-01 1.000000000000000000e+00
9.421067853059836850e-01 2.773611746226055663e-01 1.000000000000000000e+00
-5.146858174423567245e-02 5.710406700638519517e-01 2.000000000000000000e+00
5.894281315669391841e-01 2.228126204393605092e-01 2.000000000000000000e+00
-1.051537584091337241e+00 1.375137952946416942e-01 1.000000000000000000e+00
-6.406888249361342158e-01 -8.667594572189122326e-01 1.000000000000000000e+00
-9.450551814958383368e-01 -3.186187985433465153e-01 1.000000000000000000e+00
5.632709398577366855e-01 -8.567036762679955952e-01 1.000000000000000000e+00
2.777958306814275469e-01 -5.067994140276113058e-01 2.000000000000000000e+00
-5.315687457342145317e-01 -2.963832095206386796e-01 2.000000000000000000e+00
-2.330261499484936605e-01 -5.067576944800542549e-01 2.000000000000000000e+00
3.774052569451924466e-01 3.987893759110657799e-01 2.000000000000000000e+00
7.157205934650326951e-01 7.399112173806310366e-01 1.000000000000000000e+00
2.216153785444570090e-01 5.553291456154130223e-01 2.000000000000000000e+00
9.067248060163667356e-01 -4.734154925023707494e-01 1.000000000000000000e+00
1.253590139776990797e-01 5.666817108320165719e-01 2.000000000000000000e+00
-5.416552294168701653e-01 -3.990505692054958919e-02 2.000000000000000000e+00
7.626824445936774000e-01 -5.676929890560692415e-01 1.000000000000000000e+00
3.283299005648943059e-01 -8.937648614804671876e-01 1.000000000000000000e+00
1.870093719383748021e-01 5.944312023109898924e-01 2.000000000000000000e+00
5.615086619967791792e-01 -3.157383066842778252e-01 2.000000000000000000e+00
7.506686440851911835e-01 7.781265639403269763e-01 1.000000000000000000e+00
4.886387897478627340e-01 -8.816984503978931853e-01 1.000000000000000000e+00
-3.012192360584243778e-01 5.870156552247316473e-01 2.000000000000000000e+00
4.475267560073125095e-01 -5.049492748711780221e-01 2.000000000000000000e+00
-8.948452460986113799e-01 2.796968387809395939e-01 1.000000000000000000e+00
1.071026597522233281e+00 -7.669441396165030400e-02 1.000000000000000000e+00
-6.155933511902492716e-01 7.724243247795576917e-01 1.000000000000000000e+00
-3.878040956582071153e-01 -2.525648582947693788e-01 2.000000000000000000e+00
3.643086131386836235e-01 -5.081546705213698667e-01 2.000000000000000000e+00
-5.416715313282024491e-01 -1.299976294041636782e-01 2.000000000000000000e+00
6.444171583264218794e-01 1.679739283940401839e-01 2.000000000000000000e+00
5.582407004387932581e-01 -2.518314296472025093e-01 2.000000000000000000e+00
5.976405080634720202e-01 -1.110515707609520120e-01 2.000000000000000000e+00
-6.277640092574729991e-01 3.705932218760362579e-02 2.000000000000000000e+00
-3.108168201299299493e-02 -6.372099330839956499e-01 2.000000000000000000e+00
-3.392654498458623491e-02 -1.003294460557174972e+00 1.000000000000000000e+00
1.744880598798133620e-01 9.707770264809603145e-01 1.000000000000000000e+00
8.122612172184555668e-01 -4.885809249465725701e-01 1.000000000000000000e+00
-5.915061015190837823e-01 -9.422422957815715372e-02 2.000000000000000000e+00
9.736771824711383250e-01 1.786141032414323704e-01 1.000000000000000000e+00
-3.053093606575831842e-01 -8.679092828036396590e-01 1.000000000000000000e+00
6.160729685695434110e-01 -8.064955609802298975e-01 1.000000000000000000e+00
-6.152586599735228035e-01 9.128868912340715180e-02 2.000000000000000000e+00
9.116667928794304210e-01 3.580457192007735490e-01 1.000000000000000000e+00
3.902483979417581406e-01 4.021232650845603662e-01 2.000000000000000000e+00
1.058711370697351439e+00 2.592659150586767991e-02 1.000000000000000000e+00
-5.189995402150086035e-01 -1.472387649393398501e-01 2.000000000000000000e+00
1.729964308599473144e-01 -1.013826738814727957e+00 1.000000000000000000e+00
-5.252295486988940443e-01 -8.227694130653780968e-01 1.000000000000000000e+00
-1.000818564554518231e+00 -2.913638400512821303e-01 1.000000000000000000e+00
-2.925958493764351243e-01 -5.628558124720206557e-01 2.000000000000000000e+00
6.995423751021742076e-01 -6.132237343079243175e-01 1.000000000000000000e+00
-2.010995438082443243e-01 6.520351008151652472e-01 2.000000000000000000e+00
-1.028458404362843304e+00 1.123966900591720219e-01 1.000000000000000000e+00
-6.587512531453779685e-01 -6.905682033528035557e-01 1.000000000000000000e+00
-2.117911211137788602e-02 -1.008063109755938047e+00 1.000000000000000000e+00
8.911428895731847710e-01 -5.286180378472420394e-01 1.000000000000000000e+00
-5.883217864376099060e-01 9.911193999450500225e-02 2.000000000000000000e+00
-5.040009528570161823e-01 -3.730415163728593719e-01 2.000000000000000000e+00
-5.039945265116787532e-01 2.672102756346299568e-01 2.000000000000000000e+00
7.060518723153759169e-01 -7.167895499493236455e-01 1.000000000000000000e+00
1.122303441699851329e-01 -5.996327719207924511e-01 2.000000000000000000e+00
-5.887162067083534511e-01 2.014141474211477989e-01 2.000000000000000000e+00
-3.437601933101626095e-01 -4.908903015760731625e-01 2.000000000000000000e+00
8.213924219781097991e-01 5.019707262959365313e-01 1.000000000000000000e+00
-3.964256456223011482e-01 8.915689466443859068e-01 1.000000000000000000e+00
4.327395939030317384e-01 -9.747983616777248228e-01 1.000000000000000000e+00
2.915055180561841319e-01 -5.418868512231521661e-01 2.000000000000000000e+00
4.984631967281010767e-01 1.286713828054174974e-02 2.000000000000000000e+00
9.043561082859984807e-03 6.555580187251393021e-01 2.000000000000000000e+00
1.020521768993656042e-01 1.086049686380073043e+00 1.000000000000000000e+00
-1.095284253558017340e-01 6.427388282918056195e-01 2.000000000000000000e+00
8.456010522853747435e-01 5.276885126847425944e-01 1.000000000000000000e+00
-1.764235688496753607e-01 -6.687645596389457658e-01 2.000000000000000000e+00
5.740314367670232842e-01 1.895289250871277920e-01 2.000000000000000000e+00
-6.330124435263434490e-01 -1.047895339007965249e-01 2.000000000000000000e+00
-3.617073604581094726e-01 4.794498479363434873e-01 2.000000000000000000e+00
4.260184160886807958e-01 3.291432151429774522e-01 2.000000000000000000e+00
4.566254513597640119e-01 -4.691711774306958627e-01 2.000000000000000000e+00
-5.747751503011891971e-01 -7.876262029175193913e-01 1.000000000000000000e+00
6.168648319991172357e-01 7.636611737068006445e-01 1.000000000000000000e+00
-8.227564383196485087e-01 4.603621753236701308e-01 1.000000000000000000e+00
-4.350449100956726989e-01 -4.456697095120841778e-01 2.000000000000000000e+00
5.415491658126462271e-01 2.637357582818809498e-01 2.000000000000000000e+00
4.876849480675560233e-01 -9.768937377724088433e-01 1.000000000000000000e+00
-9.785646956208080560e-01 -1.876607559187104257e-01 1.000000000000000000e+00
-4.581916460372720268e-02 1.001391577331021798e+00 1.000000000000000000e+00
7.293082255106239642e-02 -9.554364732338966881e-01 1.000000000000000000e+00
-9.088672509513806563e-01 3.893985356015831623e-01 1.000000000000000000e+00
7.553197012109609532e-02 9.946878396006197942e-01 1.000000000000000000e+00
1.014425983788599162e+00 2.138936532460683493e-01 1.000000000000000000e+00
-1.485681609309174589e-01 -5.010364154484829857e-01 2.000000000000000000e+00
-1.013976840778073596e+00 6.203316296172906724e-02 1.000000000000000000e+00
-6.047715037080088063e-01 -7.274388161486695925e-02 2.000000000000000000e+00
-2.327055169566838999e-01 6.446371993522823640e-01 2.000000000000000000e+00
4.296541131844849870e-01 -3.592256389235485847e-01 2.000000000000000000e+00
-3.420410098975975588e-01 8.937753695696739609e-01 1.000000000000000000e+00
2.306732978184228289e-01 5.887867318703995378e-01 2.000000000000000000e+00
2.997568901505000549e-01 4.803127723825549866e-01 2.000000000000000000e+00
2.385989329832151860e-03 -6.989937842293827419e-01 2.000000000000000000e+00
9.322374245180187202e-01 5.177466632445439920e-01 1.000000000000000000e+00
-7.401414930056431363e-01 -5.835454059224786105e-01 1.000000000000000000e+00
-1.379685953705011292e-01 6.833770953714037866e-01 2.000000000000000000e+00
1.009863055441442725e+00 9.679950848853147161e-02 1.000000000000000000e+00
-9.051422537290054748e-01 -4.357942857772057477e-01 1.000000000000000000e+00
1.978719722147954108e-01 9.936961036015081739e-01 1.000000000000000000e+00
-7.034615586976840085e-01 -5.798469554887489830e-01 1.000000000000000000e+00
-7.656710527235286445e-01 -7.007758286098271228e-01 1.000000000000000000e+00
9.996166218160087436e-01 4.591899881531576466e-01 1.000000000000000000e+00
6.283231165553146980e-01 -1.687777730208397109e-01 2.000000000000000000e+00
-4.756295134006363612e-01 2.833114700038578682e-01 2.000000000000000000e+00
6.856683537007703944e-01 -8.075859531894798993e-01 1.000000000000000000e+00
1.034512724684520046e+00 -2.641733807324732619e-01 1.000000000000000000e+00
-4.849212328314730369e-01 -9.350821274001493988e-01 1.000000000000000000e+00
-1.037698720257590468e+00 5.265670186029596661e-02 1.000000000000000000e+00
-4.804907582582129688e-01 3.322652402349516865e-01 2.000000000000000000e+00
-5.768803684792314090e-01 -2.885857793272513239e-01 2.000000000000000000e+00
-5.777396343584834115e-01 -2.376113426848152355e-01 2.000000000000000000e+00
-4.766973845280575994e-01 3.787179835988939147e-01 2.000000000000000000e+00
-5.648209028381152574e-01 1.128188105551814757e-01 2.000000000000000000e+00
5.633944356743805226e-01 5.169633405282821059e-03 2.000000000000000000e+00
3.206752097035260318e-01 9.740807958626657159e-01 1.000000000000000000e+00
2.084337333998884101e-02 -5.641268332925256646e-01 2.000000000000000000e+00
-1.173323540442689286e-02 1.060730806470392862e+00 1.000000000000000000e+00
-3.107870036888982224e-01 5.286049277655424650e-01 2.000000000000000000e+00
-3.023736455598316497e-01 -9.717383078227370685e-01 1.000000000000000000e+00
-1.650505760497206764e-01 5.127118798966140423e-01 2.000000000000000000e+00
-6.117715759412414300e-01 2.062559531786319067e-01 2.000000000000000000e+00
4.849545411198726841e-01 -2.589708523836875553e-01 2.000000000000000000e+00
3.124792931825375319e-01 -9.324887730171003142e-01 1.000000000000000000e+00
-2.659915750673265689e-01 4.597076097884056911e-01 2.000000000000000000e+00
-3.743014862560355427e-01 5.029848740154120312e-01 2.000000000000000000e+00
-2.677841348589263815e-01 -9.441032278558058044e-01 1.000000000000000000e+00
-4.144602676395525154e-01 3.339547998613401347e-01 2.000000000000000000e+00
-7.057129629702352247e-01 6.668752267806923317e-01 1.000000000000000000e+00
