-2.91 -2.24 1
1.19 0.96 1
0.34 -0.17 1
-2.66 -2.19 1
2.63 1.60 1
-0.82 -1.09 1
-1.58 -1.41 1
-2.30 -1.94 1
-1.08 -1.01 1
-1.32 -1.73 1
0.87 0.81 1
-2.70 -2.05 1
-1.43 -1.02 1
-1.17 -1.26 1
2.39 1.76 1
-0.14 -0.51 1
1.57 1.24 1
0.65 0.48 1
1.86 1.22 1
-2.37 -1.87 1
2.83 2.45 1
2.07 1.77 1
-2.54 -2.44 1
0.03 -0.45 1
-1.07 -0.85 1
0.66 0.80 1
-1.39 -1.62 1
0.83 -0.02 1
0.50 0.66 1
0.67 0.41 1
-0.40 -0.15 1
-2.85 -2.25 1
0.30 -0.19 1
-0.43 -0.60 1
-2.18 -2.16 1
-0.20 -0.25 1
-0.38 -0.14 1
0.36 0.19 1
2.17 1.13 1
1.11 1.12 1
2.30 1.78 1
-2.56 -2.39 1
-1.35 -1.80 1
-0.23 -0.22 1
2.78 2.25 1
1.76 1.43 1
-0.09 -0.48 1
-0.84 -1.02 1
-2.46 -2.42 1
1.28 1.40 1
0.21 -0.17 1
-1.71 -1.61 1
-0.26 -0.58 1
-2.04 -1.59 1
1.58 1.18 1
-0.74 -0.72 1
2.59 2.28 1
-2.92 -2.39 1
1.94 1.69 1
1.10 0.23 1
0.27 0.15 1
0.84 0.82 1
1.38 1.11 1
-2.48 -1.97 1
2.06 2.14 1
-3.01 -2.31 1
-1.03 -1.28 1
-1.75 -1.80 1
2.64 2.04 1
-2.44 -2.33 1
0.56 0.32 1
0.73 0.80 1
1.04 0.60 1
2.29 1.70 1
-2.57 -2.33 1
1.88 1.61 1
0.10 0.23 1
1.25 0.87 1
-1.62 -1.56 1
0.20 0.28 1
1.19 1.05 1
2.74 2.28 1
-0.69 0.15 1
-2.43 -2.14 1
-2.64 -2.24 1
0.85 0.56 1
1.76 1.50 1
1.28 0.80 1
-0.99 -0.70 1
2.51 2.44 1
0.17 0.04 1
2.80 2.18 1
-2.42 -2.30 1
-1.63 -1.61 1
1.93 1.04 1
2.56 1.99 1
1.87 1.20 1
-1.32 -0.91 1
-2.04 -1.79 1
2.14 1.67 1
1.59 1.56 1
-1.08 -1.50 1
-1.61 -1.39 1
-0.87 -1.13 1
2.12 1.47 1
1.96 1.57 1
0.37 0.41 1
0.60 0.15 1
-1.29 -1.06 1
1.07 1.14 1
1.95 1.27 1
-0.16 -0.52 1
-0.26 -0.35 1
-0.22 -0.15 1
-1.26 -1.18 1
1.22 0.67 1
2.47 1.96 1
2.49 2.00 1
1.60 1.09 1
-1.23 -1.45 1
1.15 0.94 1
-2.15 -1.92 1
-2.15 -2.02 1
-1.71 -1.72 1
-2.00 -1.93 1
0.69 0.22 1
-2.36 -2.37 1
1.84 1.73 1
1.43 1.00 1
2.84 1.79 1
0.08 -0.19 1
0.86 0.86 1
2.47 1.79 1
0.07 0.39 1
-1.14 -1.29 1
3.02 2.19 1
-2.59 -2.55 1
-1.13 -0.77 1
2.98 2.20 1
-0.80 -0.69 1
-0.87 -1.28 1
-2.14 -2.06 1
2.47 2.10 1
-1.96 -2.10 1
-0.95 -0.91 1
2.38 1.99 1
-0.17 0.19 1
0.67 0.60 1
0.44 0.48 1
1.30 0.86 1
-2.69 -2.52 1
0.22 0.07 1
-2.63 -2.55 1
1.88 1.73 1
-1.00 -0.76 1
2.02 1.80 1
-1.62 -1.15 1
0.57 0.31 1
2.76 2.02 1
-2.72 -2.26 1
-2.76 -2.13 1
-2.92 -2.34 1
1.03 0.98 1
0.46 0.65 1
-2.29 -1.96 1
1.69 1.59 1
0.77 0.51 1
-2.62 -2.10 1
-2.34 -2.45 1
-2.32 -1.66 1
2.02 1.09 1
-2.41 -2.08 1
-1.46 -1.44 1
-1.33 -1.54 1
-2.35 -2.00 1
2.17 1.77 1
1.07 1.13 1
1.45 1.11 1
0.89 0.76 1
0.13 0.04 1
-1.17 -0.72 1
0.89 0.91 1
-2.23 -1.99 1
-2.06 -1.82 1
-3.05 -2.20 1
2.88 2.21 1
2.78 2.41 1
-2.08 -2.09 1
-0.03 -0.36 1
0.89 0.84 1
-1.28 -1.03 1
1.46 1.36 1
0.49 0.12 1
-0.50 -0.28 1
-1.35 -1.21 1
1.59 1.18 1
2.24 2.17 1
1.25 1.29 1
-0.21 -0.89 1
2.65 2.17 1
-1.29 -1.43 1
0.30 0.04 1
2.87 2.10 1
-1.54 -0.99 1
-1.59 -1.14 1
2.56 2.15 1
-2.61 -2.13 1
-1.20 -1.01 1
0.53 0.49 1
-1.75 -1.52 1
0.90 0.58 1
1.79 1.49 1
0.11 -0.12 1
1.02 0.62 1
1.87 1.36 1
-1.52 -1.42 1
0.67 0.43 1
-2.59 -1.63 1
0.32 -0.19 1
2.23 1.45 1
2.56 2.06 1
0.06 -0.09 1
-1.18 -1.30 1
0.94 0.74 1
2.47 2.13 1
0.27 -0.20 1
2.96 2.23 1
-1.59 -1.79 1
-2.28 -2.01 1
-1.17 -1.06 1
-0.64 -0.49 1
-0.27 -0.64 1
-1.11 -0.97 1
1.25 0.87 1
-2.56 -1.90 1
-0.56 -0.52 1
-1.10 -1.18 1
-1.07 -1.08 1
-2.23 -2.13 1
0.44 0.61 1
-1.17 -1.24 1
-1.80 -2.05 1
-2.91 -2.60 1
-1.38 -0.98 1
0.28 0.28 1
2.27 1.80 1
-2.91 -2.09 1
2.57 1.86 1
-2.18 -1.88 1
2.18 1.46 1
1.97 1.30 1
2.62 1.96 1
-2.20 -1.79 1
-0.17 0.26 1
-0.61 -0.43 1
-1.76 -1.87 1
0.54 0.27 1
0.77 0.37 1
-1.61 -1.55 1
0.03 0.20 1
2.95 2.43 1
-0.12 0.03 1
1.16 0.99 1
-0.37 -0.64 1
-2.85 -2.26 1
-1.01 -1.32 1
1.77 1.55 1
-0.93 -0.75 1
-2.58 -1.99 1
0.31 -0.24 1
-0.71 -0.77 1
1.50 1.12 1
0.20 0.06 1
1.78 1.58 1
1.88 1.62 1
-1.88 -1.53 1
-2.22 -1.93 1
1.78 1.79 1
0.93 0.56 1
-2.85 -2.48 1
2.51 1.81 1
0.16 -0.01 1
0.24 0.26 1
0.86 0.27 1
1.60 1.25 1
2.29 1.59 1
-0.74 -0.54 1
-2.18 -2.46 1
1.72 0.79 1
-1.15 -0.67 1
2.12 1.60 1
-0.45 -1.02 1
2.25 1.31 1
-1.87 -1.71 1
-2.20 -1.88 1
2.30 1.87 1
-2.81 -2.19 1
1.14 0.91 1
1.48 1.08 1
-0.45 -0.23 1
-0.92 -0.36 1
2.94 2.33 1
-0.51 -0.62 1
-0.43 -0.22 1
-1.93 -1.87 1
-0.79 -1.17 1
-1.04 -1.02 1
2.40 1.93 1
-1.47 -1.32 1
-0.93 -1.20 1
-0.41 -0.62 1
1.40 0.86 1
-2.20 -1.71 1
2.31 1.76 1
-2.52 -2.06 1
-0.24 -0.18 1
-2.73 -2.45 1
1.84 0.88 1
1.22 0.98 1
-1.74 -1.40 1
1.24 0.71 1
0.41 0.21 1
2.22 1.61 1
0.20 0.48 1
2.48 1.93 1
-0.44 -0.45 1
-0.65 -0.95 1
0.09 -0.24 1
-1.23 -1.51 1
2.55 2.18 1
-0.21 -0.15 1
-1.31 -1.43 1
-0.72 0.02 1
1.16 1.08 1
-0.57 -0.50 1
-2.09 -1.37 1
2.52 1.33 1
0.58 0.33 1
-0.69 -0.71 1
-1.63 -1.44 1
-1.49 -1.64 1
0.13 0.12 1
-0.05 -0.75 1
1.50 1.15 1
-2.57 -2.16 1
2.15 1.65 1
1.10 0.88 1
-2.02 -2.01 1
2.14 1.80 1
-1.69 -1.64 1
0.92 0.20 1
0.36 0.09 1
-1.88 -1.86 1
-2.77 -2.71 1
1.63 1.36 1
1.65 1.25 1
-0.38 -0.51 1
-2.52 -2.38 1
0.36 0.61 1
-2.04 -1.53 1
1.46 1.04 1
0.26 0.11 1
-1.61 -1.08 1
2.34 2.28 1
1.47 1.38 1
2.43 1.81 1
-2.45 -2.32 1
-1.93 -1.54 1
1.60 0.98 1
1.38 0.74 1
1.77 1.25 1
-0.05 0.08 1
-0.40 -0.42 1
0.70 0.52 1
2.05 1.87 1
1.06 0.81 1
0.35 -0.13 1
-1.25 -0.95 1
1.23 1.02 1
-0.63 -0.68 1
0.52 0.20 1
2.46 1.78 1
2.12 1.63 1
2.56 1.79 1
2.76 2.04 1
2.15 1.27 1
-2.86 -2.65 1
-2.83 -2.67 1
-2.49 -2.05 1
-1.56 -1.05 1
-2.93 -2.30 1
-0.53 -0.30 1
-0.98 -0.77 1
0.24 0.21 1
2.53 2.17 1
-1.05 -1.20 1
-1.01 -0.76 1
2.37 1.54 1
-0.97 -0.78 1
-2.00 -2.01 1
0.24 -0.19 1
2.26 1.64 1
-0.46 -0.86 1
1.24 0.90 1
0.69 0.73 1
-0.20 -0.36 1
-0.16 -0.13 1
2.74 2.20 1
-2.59 -1.97 1
-1.24 -1.20 1
-0.29 -0.30 1
0.27 0.74 1
2.18 1.99 1
-0.00 -0.37 1
-0.45 -0.22 1
1.66 1.01 1
-0.13 -0.24 1
2.19 1.77 1
-0.25 -0.11 1
0.10 -0.15 1
-0.08 -0.06 1
-1.79 -1.16 1
-2.18 -2.44 1
-2.39 -2.41 1
2.24 2.05 1
-1.50 -1.46 1
2.24 1.73 1
1.22 1.12 1
2.02 2.13 1
2.86 1.91 1
-1.98 -2.02 1
-0.56 -0.62 1
2.95 2.33 1
0.92 0.66 1
2.48 1.86 1
-0.20 0.02 1
-2.73 -2.65 1
0.78 0.57 1
-1.68 -1.27 1
0.18 0.12 1
1.49 0.95 1
0.69 0.48 1
0.63 0.32 1
-0.26 -0.50 1
-1.64 -1.15 1
-0.34 -0.46 1
-2.80 -2.61 1
0.81 0.35 1
2.80 2.23 1
-2.17 -2.33 1
-2.51 -2.65 1
2.36 1.88 1
-1.29 -1.54 1
-2.83 -2.59 1
1.85 1.62 1
-2.21 -1.73 1
2.15 2.06 1
-2.23 -2.26 1
-0.93 -0.68 1
0.58 0.44 1
0.41 0.54 1
1.04 0.80 1
0.85 0.79 1
-0.48 -0.23 1
-2.04 -1.94 1
1.63 1.11 1
-1.32 -1.57 1
0.98 0.66 1
2.16 1.76 1
-2.33 -2.27 1
2.89 2.29 1
-2.70 -2.47 1
2.13 1.53 1
1.98 1.72 1
-2.74 -2.20 1
0.19 0.33 1
2.86 1.97 1
-0.99 -0.99 1
1.82 1.56 1
0.84 0.23 1
1.56 1.67 1
1.83 1.45 1
-2.57 -2.41 1
-1.37 -1.00 1
0.94 0.75 1
-0.01 -0.11 1
2.99 2.18 1
1.78 0.89 1
0.59 0.11 1
-1.06 -1.18 1
-1.46 -1.23 1
2.30 1.95 1
-0.15 -0.46 1
1.85 1.63 1
-2.43 -1.98 1
2.24 1.70 1
-2.65 -2.58 1
2.34 2.06 1
2.48 1.90 1
0.34 -0.11 1
-2.31 1.86 2
-1.93 1.61 2
0.99 -1.33 2
2.16 -1.45 2
-3.13 1.92 2
1.27 -1.62 2
2.84 -2.17 2
-0.97 0.76 2
0.71 -0.83 2
-1.00 0.71 2
-1.67 1.45 2
1.54 -1.64 2
1.39 -1.05 2
-1.30 1.14 2
0.42 -0.50 2
-0.51 0.35 2
-2.59 1.87 2
-3.03 2.17 2
-0.17 -0.09 2
-1.26 1.19 2
-1.06 0.69 2
-1.40 0.92 2
-2.16 1.42 2
-0.81 0.25 2
1.12 -1.06 2
-1.71 1.56 2
1.09 -0.72 2
-0.33 0.29 2
-0.50 0.21 2
-2.06 1.49 2
-1.86 1.51 2
0.75 -0.51 2
-1.33 1.23 2
0.02 -0.70 2
2.60 -2.31 2
1.10 -1.30 2
0.95 -1.05 2
2.91 -2.11 2
1.49 -1.57 2
0.37 -0.87 2
2.65 -2.29 2
-2.72 2.11 2
-1.50 1.02 2
2.97 -2.38 2
1.64 -1.35 2
-0.16 0.10 2
0.99 -1.02 2
-0.52 0.39 2
-0.82 0.48 2
-1.76 1.39 2
-0.69 0.60 2
-2.84 2.33 2
-0.32 -0.04 2
-1.13 0.67 2
2.66 -2.62 2
0.40 -0.20 2
2.01 -1.81 2
-0.70 0.28 2
-0.21 0.22 2
1.83 -1.79 2
2.94 -2.46 2
0.27 0.04 2
2.61 -2.06 2
1.35 -1.30 2
0.33 -0.43 2
3.00 -2.12 2
1.86 -1.73 2
2.73 -2.33 2
0.86 -0.76 2
-0.67 0.67 2
-0.18 0.07 2
2.45 -2.08 2
-2.93 2.40 2
-1.78 2.05 2
-0.12 0.20 2
0.08 -0.43 2
-2.86 1.94 2
0.68 -1.12 2
2.51 -1.74 2
-2.51 1.75 2
-0.31 0.39 2
-1.31 1.10 2
2.65 -2.74 2
0.85 -0.31 2
-1.47 1.24 2
-2.04 2.04 2
0.25 -0.25 2
1.93 -1.69 2
1.83 -1.92 2
1.94 -1.74 2
-1.82 1.43 2
0.01 -0.53 2
2.18 -1.95 2
-2.32 1.84 2
1.98 -1.97 2
2.39 -2.01 2
-1.91 1.15 2
-2.68 1.95 2
-0.21 0.07 2
1.87 -1.84 2
-0.19 0.14 2
-0.63 0.30 2
-0.16 -0.22 2
-2.19 1.94 2
-2.19 1.85 2
2.23 -1.84 2
0.64 -0.49 2
-1.34 1.25 2
2.25 -1.75 2
-2.71 2.14 2
-0.38 0.07 2
1.26 -1.20 2
-0.87 0.92 2
-0.81 0.23 2
0.03 -0.30 2
2.43 -1.89 2
1.71 -1.34 2
-2.71 2.00 2
-1.42 1.00 2
-0.81 0.50 2
2.09 -1.94 2
-0.86 -0.05 2
-1.68 1.16 2
0.56 -0.52 2
0.13 0.40 2
2.14 -2.29 2
2.46 -2.35 2
1.79 -1.73 2
1.07 -1.27 2
1.31 -1.40 2
2.09 -2.37 2
-2.69 2.08 2
-1.11 0.66 2
-2.97 2.48 2
1.91 -1.71 2
0.12 0.05 2
-0.66 0.84 2
-1.69 1.31 2
-0.01 -0.44 2
-1.30 1.01 2
-2.47 2.30 2
-2.57 1.98 2
-2.60 2.14 2
-0.73 0.23 2
-2.13 2.04 2
-0.35 0.27 2
2.28 -2.14 2
-1.16 0.40 2
-2.43 1.72 2
0.22 -0.58 2
2.12 -2.03 2
-0.93 0.73 2
-2.71 2.34 2
-2.19 1.74 2
-2.59 2.05 2
1.43 -1.22 2
0.01 0.55 2
0.99 -0.87 2
1.15 -1.05 2
0.57 -0.19 2
0.72 -0.71 2
2.12 -2.07 2
1.03 -0.75 2
2.14 -2.01 2
-0.23 0.12 2
-2.10 1.85 2
-2.55 2.21 2
1.02 -1.39 2
-1.52 0.52 2
0.87 -1.04 2
1.06 -0.59 2
0.15 -0.20 2
1.21 -1.18 2
-0.06 -0.12 2
-0.00 0.14 2
-0.03 -0.02 2
2.61 -2.18 2
-1.00 0.16 2
-2.38 1.81 2
-1.62 1.22 2
0.94 -1.13 2
1.97 -1.78 2
2.68 -2.52 2
-1.66 1.48 2
1.42 -1.47 2
0.61 -0.30 2
-0.65 0.40 2
0.11 0.01 2
0.20 0.30 2
0.85 -0.82 2
1.59 -1.07 2
-1.39 0.75 2
-2.29 2.26 2
1.74 -1.89 2
-0.73 0.47 2
1.55 -1.50 2
-2.13 1.35 2
-2.58 1.68 2
2.45 -2.00 2
2.02 -2.17 2
2.76 -2.78 2
2.27 -1.72 2
-2.84 2.24 2
0.25 -0.24 2
2.81 -2.70 2
-0.02 -0.16 2
2.22 -1.90 2
-2.62 2.10 2
3.09 -2.24 2
2.39 -2.29 2
0.30 -0.42 2
-0.37 0.39 2
-0.92 0.88 2
1.01 -1.48 2
-3.03 2.29 2
-0.91 0.45 2
2.47 -2.19 2
0.28 -0.23 2
-0.16 0.12 2
0.06 0.12 2
-1.15 0.95 2
2.68 -2.28 2
2.95 -2.34 2
0.07 -0.08 2
2.72 -2.74 2
-0.31 0.16 2
-0.72 0.04 2
-1.64 1.53 2
-2.17 1.13 2
1.86 -1.83 2
1.31 -1.20 2
0.11 -0.23 2
2.15 -1.43 2
0.01 -0.13 2
0.17 -0.43 2
-1.71 1.45 2
0.31 -0.70 2
-2.14 1.79 2
-2.72 2.20 2
0.99 -1.05 2
0.51 -0.72 2
-1.90 1.14 2
-0.87 0.10 2
0.66 -0.79 2
0.37 -0.23 2
-2.39 1.68 2
-1.85 1.82 2
-3.17 2.28 2
-0.28 0.66 2
-0.22 -0.13 2
-2.09 1.64 2
1.12 -0.69 2
-2.80 2.52 2
-2.44 1.71 2
2.74 -2.22 2
2.65 -2.63 2
-3.10 2.01 2
-0.02 0.06 2
1.89 -2.16 2
-1.88 0.88 2
1.93 -1.76 2
1.99 -1.43 2
0.87 -0.53 2
-3.24 2.18 2
-0.78 0.53 2
2.47 -1.98 2
1.14 -0.83 2
-0.59 0.77 2
0.93 -0.49 2
-1.49 1.34 2
0.18 -0.65 2
2.83 -2.48 2
1.86 -2.04 2
-1.21 1.20 2
1.25 -0.72 2
-1.17 0.33 2
2.96 -2.38 2
-2.60 1.95 2
-1.62 1.10 2
1.69 -1.77 2
-2.40 2.20 2
0.17 -0.17 2
1.72 -1.60 2
1.42 -1.21 2
-2.08 1.87 2
-0.55 0.10 2
-1.06 0.55 2
-0.10 0.14 2
0.66 -0.27 2
-2.03 1.89 2
2.35 -2.12 2
0.61 -0.98 2
-2.39 1.25 2
0.21 -0.55 2
2.67 -2.06 2
1.56 -1.58 2
1.09 -0.96 2
-0.24 0.12 2
-1.78 0.78 2
0.51 -0.23 2
-1.31 1.49 2
-1.15 0.82 2
2.53 -1.98 2
2.15 -2.12 2
1.78 -1.46 2
2.76 -1.88 2
-1.82 1.73 2
-0.05 -0.27 2
0.57 -0.87 2
2.42 -2.13 2
0.89 -0.93 2
-0.74 0.47 2
1.54 -1.08 2
1.87 -1.63 2
0.75 -0.32 2
-2.56 1.99 2
2.45 -2.21 2
-2.64 2.28 2
0.15 -0.15 2
-2.38 1.80 2
-0.99 0.28 2
1.67 -1.81 2
-1.52 1.30 2
2.31 -1.92 2
1.02 -1.37 2
-0.78 0.55 2
-1.50 1.26 2
-1.70 0.98 2
1.41 -1.57 2
-2.61 2.36 2
0.82 -1.27 2
0.71 -0.61 2
1.54 -1.16 2
2.57 -2.74 2
-0.78 0.48 2
-1.65 0.94 2
2.21 -1.95 2
1.72 -1.67 2
-0.51 -0.14 2
-2.44 2.06 2
0.40 -0.31 2
-2.02 1.39 2
0.19 -0.15 2
-1.11 0.44 2
-1.33 0.66 2
1.15 -1.39 2
0.02 -0.17 2
1.61 -1.61 2
-1.59 1.69 2
1.00 -0.98 2
-2.68 2.25 2
1.82 -1.49 2
1.05 -0.91 2
2.64 -2.28 2
-2.36 2.16 2
2.24 -2.30 2
0.21 0.12 2
0.71 -0.55 2
-1.31 0.67 2
-2.46 2.21 2
2.19 -1.65 2
-1.98 1.96 2
-0.89 0.51 2
0.88 -0.44 2
2.96 -2.52 2
-0.15 -0.39 2
2.78 -2.65 2
-1.59 1.43 2
-0.45 0.71 2
0.96 -1.24 2
-2.69 2.08 2
1.34 -1.42 2
-0.30 0.61 2
1.69 -1.77 2
-0.62 0.73 2
-1.23 0.73 2
2.95 -2.39 2
1.08 -1.37 2
-0.39 0.59 2
-2.75 1.59 2
1.38 -1.20 2
0.81 -0.70 2
-2.73 1.93 2
-2.46 1.67 2
2.90 -2.39 2
-0.22 -0.22 2
-2.93 2.31 2
-3.10 1.72 2
-2.49 1.40 2
2.29 -2.05 2
-0.13 0.27 2
0.09 -0.63 2
-0.01 0.06 2
-2.59 2.16 2
2.25 -2.16 2
-1.34 0.98 2
-1.17 1.41 2
0.32 -0.76 2
-0.15 0.12 2
-0.83 0.61 2
0.91 -0.81 2
2.56 -2.27 2
0.69 -0.64 2
-1.40 0.97 2
-2.05 1.14 2
-0.50 0.14 2
-2.87 2.32 2
2.23 -1.92 2
0.67 -0.53 2
-1.56 1.75 2
-0.16 -0.43 2
-2.65 2.26 2
2.13 -1.87 2
-0.41 0.20 2
0.14 -0.42 2
0.32 -0.43 2
1.11 -0.87 2
-0.78 0.63 2
-2.80 1.79 2
-0.21 0.28 2
-2.75 2.22 2
1.61 -0.98 2
-2.98 2.06 2
2.57 -2.46 2
1.17 -1.56 2
2.56 -2.26 2
0.14 0.01 2
-1.68 1.15 2
-1.57 1.04 2
1.45 -1.42 2
2.88 -2.57 2
-0.79 0.80 2
1.46 -1.34 2
-2.47 1.80 2
0.60 -0.46 2
-0.66 0.06 2
1.40 -1.14 2
-1.52 1.09 2
-2.22 2.28 2
-0.44 0.07 2
0.83 -0.71 2
-2.26 1.78 2
-0.49 -0.01 2
0.96 -0.70 2
1.61 -2.05 2
-1.46 0.58 2
-0.82 0.21 2
2.41 -1.80 2
1.27 -0.93 2
-1.77 1.02 2
1.47 -1.40 2
-1.41 0.85 2
-1.37 1.07 2
-2.76 2.72 2
-0.93 0.41 2
-0.19 0.54 2
-1.30 0.83 2
-1.40 0.87 2
-1.53 1.30 2
2.65 -2.15 2
2.13 -1.83 2
-0.87 0.21 2
-0.28 -0.08 2
0.21 -0.54 2
-0.19 -0.10 2
-1.55 0.95 2
2.93 -2.46 2
-1.83 1.66 2
2.07 -1.92 2
-2.80 2.35 2
-0.98 0.88 2
1.45 -1.30 2
0.77 -0.84 2
-2.12 1.49 2
2.50 -2.52 2
0.16 -0.34 2
-1.54 1.19 2
0.38 -0.50 2
2.46 -2.12 2
2.32 -2.05 2
-0.08 0.11 2
-0.49 0.11 2
-1.21 0.85 2
-2.70 2.18 2
1.41 -1.40 2
-2.24 1.81 2
-1.16 0.37 2
-0.63 0.51 2
2.31 -1.93 2
-2.94 2.32 2
1.96 -1.85 2
-1.39 0.92 2
-1.78 0.91 2
0.01 0.15 2
1.39 -1.12 2
-1.99 1.24 2
-1.96 1.11 2
2.74 -2.52 2
0.58 -0.44 2
-1.13 1.03 2
