0.37 -0.86 1
0.77 -0.52 1
0.68 0.70 1
0.76 -0.46 1
-0.60 -0.66 1
0.71 0.50 1
-0.18 0.98 1
-0.91 -0.27 1
0.89 -0.24 1
0.92 -0.21 1
0.51 0.78 1
0.93 -0.17 1
0.90 -0.25 1
-0.95 0.09 1
0.29 -0.88 1
0.63 0.78 1
-0.78 0.42 1
0.75 -0.44 1
0.23 -0.84 1
0.83 -0.22 1
-0.51 -0.76 1
0.89 0.20 1
0.53 -0.73 1
0.88 -0.39 1
-0.41 -0.85 1
0.05 -0.96 1
-0.04 -0.99 1
-0.78 0.62 1
-0.49 -0.73 1
0.41 0.77 1
-0.26 -0.92 1
0.85 0.17 1
-0.16 0.92 1
0.89 0.27 1
0.80 0.56 1
0.41 -0.83 1
-0.31 -0.85 1
-0.39 0.87 1
0.91 -0.30 1
0.91 0.20 1
-0.84 0.34 1
-0.64 0.59 1
0.09 -0.93 1
0.25 -0.85 1
0.33 0.79 1
-0.96 0.06 1
-0.84 0.30 1
-0.56 -0.73 1
-0.24 -0.92 1
0.03 -0.90 1
-0.16 0.95 1
-0.39 -0.82 1
-0.53 -0.79 1
0.50 0.82 1
0.67 0.62 1
-0.85 0.01 1
0.87 -0.23 1
-0.49 0.77 1
-0.77 -0.45 1
0.14 0.87 1
0.01 -0.97 1
-0.03 0.91 1
-0.98 -0.04 1
-0.29 -0.86 1
0.75 -0.61 1
0.88 -0.23 1
-0.93 -0.28 1
0.62 0.74 1
0.54 0.73 1
-0.04 0.88 1
0.52 -0.82 1
-0.03 0.99 1
0.35 -0.83 1
0.04 0.95 1
0.83 -0.39 1
-0.57 0.79 1
0.32 0.91 1
-0.01 0.88 1
-0.73 -0.65 1
-0.98 0.17 1
-0.55 0.74 1
0.48 -0.86 1
-0.81 -0.48 1
-0.83 -0.27 1
0.76 -0.44 1
-0.20 0.89 1
0.04 -0.96 1
0.02 -0.97 1
-0.71 0.66 1
-0.82 -0.37 1
0.83 0.43 1
0.81 0.29 1
-0.85 -0.17 1
0.16 -0.86 1
0.87 -0.38 1
0.63 0.67 1
-0.80 -0.37 1
-0.91 0.18 1
0.87 0.07 1
-0.45 0.73 1
0.51 0.83 1
0.26 -0.90 1
-0.37 0.92 1
-0.94 -0.17 1
0.47 0.81 1
-0.78 -0.58 1
-0.08 0.98 1
-0.57 -0.82 1
-0.32 -0.79 1
-0.01 -0.98 1
-0.90 0.29 1
0.86 0.50 1
0.12 0.92 1
0.79 -0.48 1
0.56 0.79 1
0.41 -0.79 1
-0.90 -0.22 1
0.98 -0.02 1
0.83 0.44 1
-0.91 0.34 1
0.75 0.60 1
0.91 -0.22 1
0.89 0.03 1
0.15 -0.94 1
0.35 -0.79 1
0.64 -0.69 1
0.82 0.48 1
-0.78 0.57 1
-0.06 0.98 1
0.31 -0.95 1
-0.88 0.40 1
0.79 -0.50 1
0.41 0.90 1
-0.08 0.93 1
0.52 0.68 1
0.57 0.66 1
0.67 -0.72 1
-0.81 -0.44 1
-0.93 -0.30 1
0.54 0.70 1
0.56 -0.74 1
-0.68 -0.66 1
-0.51 0.69 1
-0.94 -0.08 1
-0.74 0.52 1
0.76 0.39 1
0.06 0.92 1
0.63 0.61 1
0.35 0.79 1
0.06 0.88 1
-0.76 0.43 1
0.84 0.27 1
0.70 -0.49 1
0.89 -0.32 1
-0.89 0.05 1
-0.93 0.06 1
-0.50 0.81 1
0.75 -0.54 1
-0.63 0.68 1
0.70 0.59 1
0.16 -0.85 1
-0.71 0.59 1
0.05 0.98 1
-0.81 0.56 1
0.73 0.51 1
0.60 0.65 1
0.87 -0.33 1
0.91 -0.26 1
-0.81 -0.42 1
0.82 0.32 1
0.09 0.99 1
-0.52 0.69 1
0.37 -0.78 1
0.87 0.08 1
0.84 0.23 1
0.46 0.82 1
-0.55 -0.75 1
-0.10 -0.85 1
-0.59 -0.79 1
-0.91 0.29 1
-0.92 -0.28 1
-0.25 0.82 1
-0.03 -0.98 1
0.37 0.92 1
-0.39 -0.92 1
0.40 0.89 1
-0.66 0.71 1
-0.65 -0.66 1
0.17 -0.86 1
0.79 0.44 1
0.79 -0.37 1
0.14 -0.84 1
-0.99 0.08 1
-0.82 0.35 1
-0.84 0.29 1
-0.31 0.84 1
-0.92 -0.05 1
-0.95 -0.06 1
0.35 -0.78 1
0.27 -0.94 1
-0.58 -0.74 1
-0.71 0.68 1
0.34 -0.84 1
-0.90 -0.19 1
-0.51 0.69 1
0.81 -0.33 1
0.68 -0.67 1
-0.86 -0.28 1
-0.71 -0.69 1
-0.74 -0.45 1
0.26 0.96 1
-0.29 0.88 1
-0.94 0.17 1
0.12 0.99 1
0.50 -0.74 1
0.31 0.86 1
0.14 0.91 1
0.46 0.85 1
0.14 0.96 1
-0.80 0.34 1
-0.33 0.81 1
0.80 -0.42 1
-0.78 0.36 1
0.37 0.85 1
0.74 -0.51 1
0.87 -0.11 1
-0.82 0.33 1
0.76 0.63 1
-0.05 0.95 1
-0.77 0.50 1
-0.82 -0.55 1
-0.07 0.86 1
-0.77 -0.58 1
-0.23 -0.93 1
0.16 0.92 1
0.65 0.59 1
-0.27 0.90 1
-0.37 0.81 1
-0.77 0.40 1
-0.88 -0.04 1
0.85 0.50 1
-0.07 0.86 1
0.28 -0.84 1
0.84 0.16 1
0.83 -0.40 1
-0.11 -0.85 1
-0.98 0.07 1
-0.77 -0.42 1
0.07 0.86 1
-0.87 0.23 1
0.89 -0.21 1
-0.83 -0.25 1
-0.99 -0.13 1
0.10 0.89 1
-0.89 0.06 1
-0.61 -0.60 1
-0.39 -0.81 1
-0.68 0.52 1
-0.62 0.69 1
0.96 -0.07 1
0.92 0.22 1
0.65 -0.57 1
0.74 -0.45 1
0.28 -0.93 1
0.80 0.57 1
-0.07 0.93 1
-0.44 0.74 1
-0.42 -0.88 1
0.59 0.68 1
-0.16 -0.88 1
0.75 0.60 1
-0.48 -0.70 1
-0.86 0.03 1
0.17 -0.93 1
-0.20 -0.92 1
0.76 -0.53 1
0.74 -0.61 1
-0.48 0.83 1
-0.31 -0.92 1
0.29 0.85 1
0.94 0.18 1
-0.03 -0.93 1
-0.91 -0.00 1
-0.85 0.11 1
0.80 -0.54 1
-0.69 -0.57 1
-0.70 -0.63 1
0.61 -0.74 1
0.30 -0.81 1
-0.77 -0.40 1
0.38 0.85 1
0.06 0.92 1
0.74 -0.64 1
0.95 0.17 1
-0.96 0.06 1
0.42 0.75 1
0.85 -0.11 1
-0.20 -0.84 1
-0.97 -0.00 1
-0.98 0.18 1
0.89 0.35 1
-0.36 -0.79 1
0.92 0.25 1
0.78 0.38 1
-0.86 -0.12 1
0.78 0.54 1
0.37 -0.82 1
0.39 -0.86 1
-0.17 -0.95 1
0.55 0.76 1
-0.52 -0.81 1
-0.88 -0.10 1
0.95 -0.16 1
-0.59 -0.80 1
0.30 -0.93 1
-0.83 0.25 1
-0.82 0.37 1
0.41 -0.81 1
0.82 0.48 1
0.63 0.70 1
0.45 0.86 1
-0.70 0.57 1
0.43 -0.77 1
0.28 -0.81 1
0.90 0.36 1
-0.71 0.52 1
-0.90 -0.15 1
-0.81 0.47 1
-0.49 -0.74 1
-0.66 -0.68 1
-0.24 0.89 1
-0.79 0.36 1
0.96 0.09 1
0.86 -0.09 1
0.44 0.78 1
0.70 0.55 1
-0.65 0.67 1
0.28 0.82 1
-0.91 0.06 1
-0.46 0.73 1
0.83 -0.26 1
0.85 -0.46 1
0.85 0.29 1
-0.07 -0.94 1
-0.12 0.99 1
-0.81 0.43 1
-0.91 -0.28 1
0.90 -0.34 1
-0.80 0.45 1
0.94 -0.10 1
-0.28 0.82 1
-0.30 -0.94 1
-0.44 -0.76 1
-0.86 -0.22 1
-0.31 -0.92 1
-0.46 -0.80 1
0.42 0.87 1
0.63 0.66 1
0.89 -0.01 1
0.41 0.75 1
0.93 0.19 1
-0.85 -0.34 1
0.68 -0.62 1
-0.46 -0.82 1
0.31 0.80 1
-0.61 0.66 1
-0.94 0.24 1
0.95 -0.11 1
0.48 0.72 1
0.54 -0.69 1
-0.53 -0.68 1
-0.61 0.60 1
0.33 0.85 1
-0.85 0.41 1
-0.95 0.11 1
0.68 0.64 1
-0.73 -0.46 1
0.14 0.93 1
-0.65 0.58 1
-0.75 -0.43 1
-0.01 0.86 1
-0.22 0.84 1
-0.65 -0.59 1
-0.08 0.88 1
0.40 -0.80 1
0.89 -0.10 1
-0.11 -0.88 1
-0.49 0.74 1
-0.85 -0.50 1
0.74 0.60 1
0.78 -0.52 1
0.64 -0.60 1
0.36 -0.80 1
-0.06 0.86 1
-0.82 -0.55 1
0.95 0.13 1
-0.83 0.42 1
-0.34 0.83 1
0.46 0.74 1
0.41 0.85 1
-0.88 0.46 1
0.73 0.49 1
-0.72 -0.52 1
-0.89 0.17 1
-0.29 -0.81 1
-0.30 -0.91 1
-0.59 -0.70 1
0.98 0.21 1
0.83 0.38 1
-0.40 0.85 1
-0.86 -0.17 1
-0.51 -0.75 1
-0.73 0.48 1
0.41 -0.87 1
-0.19 -0.96 1
0.89 -0.18 1
-0.93 -0.19 1
-0.41 0.80 1
0.73 0.57 1
-0.75 -0.63 1
0.17 -0.92 1
-0.80 0.42 1
0.75 0.48 1
-0.09 0.91 1
0.52 0.75 1
-0.17 0.89 1
-0.87 0.34 1
-0.95 -0.16 1
-0.88 0.24 1
0.65 -0.65 1
-0.86 -0.10 1
0.80 -0.30 1
-0.58 -0.68 1
0.87 -0.24 1
0.06 0.95 1
-0.44 -0.89 1
-0.24 0.96 1
-0.43 -0.81 1
-0.30 -0.83 1
0.88 0.40 1
-0.03 0.96 1
0.16 0.95 1
-0.47 -0.84 1
0.48 -0.72 1
-0.53 0.79 1
0.18 -0.90 1
-0.40 -0.79 1
0.86 0.04 1
-0.78 -0.58 1
-0.66 0.57 1
0.76 -0.44 1
0.95 0.01 1
-0.96 0.23 1
-0.82 0.42 1
-0.93 0.23 1
0.11 -0.87 1
-0.44 0.89 1
0.20 -0.91 1
-0.94 0.17 1
0.83 0.19 1
0.44 0.87 1
-0.17 -0.95 1
-0.86 0.14 1
0.53 0.76 1
-0.49 0.76 1
-0.73 -0.58 1
0.33 0.85 1
-0.07 -0.91 1
0.04 0.88 1
0.77 -0.44 1
-0.10 0.85 1
0.10 -0.98 1
0.36 0.88 1
-0.23 0.96 1
0.74 0.47 1
-0.88 -0.46 1
-0.39 -0.89 1
-0.90 -0.27 1
-0.82 0.41 1
-0.55 -0.70 1
-0.58 -0.77 1
-0.38 -0.80 1
-0.57 -0.65 1
0.91 -0.33 1
0.24 0.92 1
-0.24 -0.93 1
0.08 0.94 1
0.67 0.62 1
-0.71 -0.57 1
-0.93 0.30 1
-0.87 0.23 1
-0.51 -0.83 1
0.12 -0.96 1
-0.58 0.79 1
-0.49 -0.79 1
-0.82 0.48 1
0.54 -0.83 1
0.46 -0.79 1
-0.03 0.86 1
-0.74 -0.64 1
-0.12 -0.13 2
-0.12 0.15 2
0.16 -0.00 2
0.03 0.21 2
-0.11 -0.15 2
-0.15 -0.12 2
-0.16 0.14 2
0.11 0.13 2
0.22 0.04 2
-0.23 0.12 2
0.08 0.17 2
-0.04 -0.26 2
-0.11 0.12 2
0.11 -0.18 2
-0.01 -0.15 2
-0.17 -0.08 2
0.07 0.13 2
0.17 -0.05 2
-0.02 0.17 2
0.17 -0.09 2
0.03 0.17 2
-0.12 0.12 2
0.20 0.13 2
-0.18 -0.22 2
0.12 0.26 2
0.18 0.05 2
-0.04 -0.22 2
-0.12 0.17 2
-0.12 -0.19 2
-0.14 0.13 2
-0.11 -0.11 2
0.21 0.03 2
0.15 -0.09 2
0.05 -0.15 2
-0.01 -0.29 2
0.08 -0.20 2
-0.22 0.20 2
-0.20 -0.18 2
-0.13 -0.07 2
-0.25 -0.05 2
-0.04 0.25 2
0.00 0.25 2
-0.22 0.07 2
0.03 0.18 2
0.09 -0.25 2
0.18 -0.02 2
0.20 0.04 2
-0.28 -0.06 2
0.24 0.14 2
0.07 -0.20 2
0.20 -0.01 2
0.22 0.10 2
0.27 -0.11 2
0.28 0.03 2
-0.10 -0.22 2
0.04 -0.20 2
-0.27 -0.06 2
0.16 -0.14 2
0.23 -0.17 2
-0.11 -0.11 2
0.15 0.18 2
0.05 0.25 2
0.07 0.16 2
0.19 0.05 2
0.14 0.11 2
-0.15 -0.13 2
0.20 -0.08 2
-0.14 0.18 2
-0.13 0.08 2
0.23 -0.02 2
0.18 -0.06 2
-0.08 -0.17 2
0.19 -0.01 2
0.02 -0.17 2
-0.15 0.25 2
-0.15 -0.25 2
0.01 0.27 2
-0.07 0.25 2
-0.07 -0.16 2
-0.20 -0.04 2
-0.15 0.09 2
-0.12 -0.09 2
0.00 -0.20 2
-0.22 -0.13 2
-0.23 -0.08 2
-0.20 -0.12 2
-0.22 -0.02 2
0.17 0.10 2
-0.04 -0.22 2
0.26 -0.01 2
-0.16 0.21 2
0.23 -0.04 2
-0.15 0.22 2
0.19 -0.16 2
-0.16 0.05 2
-0.19 0.12 2
0.04 0.20 2
0.12 0.12 2
-0.06 0.16 2
-0.03 -0.18 2
0.05 -0.25 2
-0.07 -0.20 2
0.25 0.02 2
0.10 -0.16 2
0.13 -0.07 2
0.03 -0.23 2
0.19 0.05 2
-0.21 0.20 2
-0.08 -0.27 2
-0.03 -0.21 2
0.02 0.15 2
-0.03 0.25 2
-0.13 -0.24 2
-0.29 0.04 2
-0.11 -0.11 2
0.02 0.22 2
0.10 0.21 2
0.12 -0.22 2
0.03 -0.26 2
0.23 -0.10 2
0.20 0.16 2
0.09 0.19 2
0.19 0.14 2
-0.17 0.01 2
0.06 0.15 2
0.24 -0.18 2
0.16 0.11 2
0.23 0.07 2
-0.28 -0.10 2
0.03 -0.18 2
-0.07 0.17 2
0.09 0.18 2
-0.15 0.25 2
0.05 0.20 2
-0.19 -0.01 2
0.14 -0.10 2
-0.14 -0.15 2
0.17 0.12 2
-0.13 0.11 2
0.20 0.07 2
-0.16 -0.00 2
-0.22 0.10 2
0.15 -0.00 2
0.09 -0.22 2
-0.27 0.02 2
0.15 -0.11 2
0.14 0.17 2
-0.18 0.15 2
0.14 -0.07 2
0.19 -0.11 2
-0.06 -0.24 2
-0.13 -0.12 2
-0.15 0.23 2
0.27 -0.12 2
0.20 0.20 2
-0.03 -0.22 2
-0.12 -0.15 2
0.13 -0.23 2
-0.15 0.11 2
-0.00 -0.29 2
0.12 -0.21 2
-0.11 0.22 2
-0.17 -0.06 2
0.16 -0.02 2
-0.18 -0.06 2
-0.13 0.24 2
-0.21 -0.20 2
-0.16 0.20 2
0.01 -0.26 2
-0.16 0.10 2
-0.24 0.01 2
-0.09 -0.26 2
0.21 -0.04 2
-0.14 0.26 2
0.09 -0.14 2
-0.01 -0.20 2
0.22 -0.06 2
0.16 0.03 2
-0.16 0.20 2
-0.12 -0.20 2
-0.05 0.22 2
0.03 0.27 2
-0.07 -0.27 2
-0.19 -0.19 2
-0.17 -0.11 2
-0.12 -0.18 2
0.25 0.08 2
-0.10 0.14 2
-0.16 0.05 2
0.01 0.19 2
-0.05 -0.22 2
0.18 -0.23 2
-0.05 0.25 2
-0.02 -0.20 2
0.13 0.15 2
0.14 -0.24 2
0.18 0.22 2
-0.21 -0.13 2
-0.13 0.14 2
0.06 -0.15 2
-0.28 -0.01 2
-0.24 0.02 2
0.21 -0.20 2
-0.10 0.13 2
-0.23 0.07 2
0.19 -0.04 2
0.26 0.07 2
0.18 -0.03 2
0.08 0.20 2
-0.10 -0.18 2
-0.23 -0.14 2
-0.11 -0.22 2
-0.12 0.14 2
-0.14 -0.14 2
0.06 -0.16 2
0.25 0.03 2
0.20 0.12 2
0.17 -0.03 2
-0.10 -0.14 2
0.03 0.22 2
-0.24 0.16 2
0.17 0.16 2
-0.02 0.15 2
-0.01 0.16 2
-0.13 0.24 2
0.13 0.18 2
-0.12 0.17 2
0.19 0.19 2
0.15 -0.14 2
0.19 0.13 2
0.23 -0.11 2
-0.23 0.17 2
0.19 0.06 2
-0.14 0.21 2
-0.03 -0.30 2
0.04 -0.16 2
-0.23 -0.07 2
-0.08 -0.20 2
0.15 -0.12 2
0.18 0.06 2
-0.09 0.25 2
0.29 0.09 2
0.06 0.17 2
-0.05 -0.26 2
-0.03 -0.18 2
0.22 -0.21 2
-0.23 -0.13 2
0.19 0.09 2
0.23 -0.12 2
0.07 -0.21 2
-0.06 0.26 2
-0.20 -0.06 2
0.16 -0.02 2
-0.05 -0.23 2
0.15 -0.24 2
-0.16 0.07 2
-0.21 0.04 2
-0.24 -0.10 2
-0.02 0.15 2
-0.00 -0.29 2
-0.26 -0.01 2
-0.14 -0.19 2
-0.06 0.17 2
0.14 0.17 2
-0.23 0.03 2
-0.19 0.23 2
0.07 -0.27 2
0.06 -0.29 2
-0.12 -0.22 2
0.14 0.16 2
0.29 0.04 2
-0.21 -0.08 2
-0.06 0.18 2
0.19 -0.08 2
0.25 -0.03 2
-0.05 0.23 2
0.08 -0.25 2
0.24 -0.18 2
-0.24 -0.17 2
0.17 -0.15 2
0.28 -0.10 2
-0.16 -0.05 2
-0.02 -0.16 2
-0.17 -0.09 2
0.23 0.04 2
-0.22 0.08 2
-0.17 -0.23 2
-0.23 -0.03 2
-0.15 0.15 2
0.21 -0.09 2
0.12 -0.23 2
0.09 -0.12 2
-0.19 0.19 2
-0.14 -0.09 2
0.15 -0.16 2
0.17 -0.08 2
-0.10 -0.18 2
0.07 0.24 2
-0.10 -0.14 2
0.17 0.08 2
-0.15 0.10 2
-0.09 -0.16 2
0.18 -0.08 2
0.11 -0.26 2
-0.22 0.02 2
0.01 -0.21 2
-0.15 0.09 2
0.29 -0.05 2
0.21 -0.02 2
0.18 -0.21 2
-0.19 0.16 2
-0.20 0.06 2
0.01 0.28 2
0.06 -0.26 2
0.16 -0.15 2
0.23 -0.14 2
-0.27 -0.10 2
-0.17 -0.12 2
0.12 0.16 2
0.19 -0.14 2
-0.27 0.09 2
0.07 0.25 2
0.17 -0.12 2
0.02 -0.26 2
0.22 -0.20 2
-0.05 0.23 2
-0.11 -0.20 2
-0.10 -0.17 2
0.12 0.11 2
-0.15 0.10 2
-0.03 0.16 2
-0.05 -0.21 2
-0.03 0.15 2
0.23 -0.17 2
0.11 -0.22 2
-0.12 0.10 2
-0.15 0.00 2
-0.06 -0.17 2
0.11 -0.19 2
-0.13 -0.11 2
-0.13 -0.07 2
-0.12 0.23 2
-0.20 0.05 2
-0.06 -0.26 2
0.16 -0.14 2
-0.04 -0.21 2
0.16 0.02 2
-0.07 -0.14 2
-0.15 0.06 2
-0.22 0.09 2
0.14 0.12 2
0.11 -0.25 2
-0.13 0.25 2
0.01 0.29 2
-0.12 0.19 2
-0.13 0.13 2
-0.18 -0.05 2
-0.21 -0.09 2
-0.21 0.16 2
-0.16 0.12 2
-0.22 -0.02 2
-0.13 -0.21 2
0.27 -0.09 2
-0.03 -0.17 2
-0.21 0.15 2
0.12 -0.21 2
0.14 0.16 2
0.26 0.10 2
0.18 0.11 2
0.09 0.15 2
-0.11 0.22 2
-0.08 0.23 2
0.20 0.01 2
-0.26 -0.07 2
0.25 0.17 2
0.18 0.24 2
-0.11 -0.12 2
0.12 -0.14 2
0.15 -0.02 2
-0.22 -0.10 2
0.17 -0.00 2
-0.20 -0.07 2
-0.28 -0.03 2
-0.11 0.20 2
-0.19 0.09 2
-0.18 0.01 2
0.19 0.09 2
0.22 -0.19 2
0.15 0.07 2
-0.20 0.09 2
0.13 -0.25 2
-0.12 0.10 2
-0.19 -0.17 2
0.12 -0.27 2
0.15 -0.13 2
0.15 -0.07 2
0.09 0.24 2
-0.02 0.29 2
0.19 -0.14 2
-0.24 -0.16 2
-0.18 -0.00 2
-0.20 -0.17 2
0.09 -0.18 2
-0.21 -0.04 2
0.05 0.17 2
-0.26 0.08 2
-0.22 0.11 2
0.25 -0.06 2
-0.20 -0.19 2
-0.05 -0.15 2
-0.05 -0.29 2
-0.13 0.18 2
-0.26 -0.03 2
-0.24 -0.09 2
0.15 0.23 2
-0.16 -0.07 2
-0.07 -0.21 2
-0.22 0.11 2
0.15 -0.25 2
-0.03 -0.27 2
-0.18 0.22 2
-0.23 0.07 2
-0.18 0.16 2
0.04 -0.27 2
-0.02 -0.15 2
-0.26 0.12 2
-0.07 -0.20 2
0.15 -0.05 2
0.06 -0.26 2
-0.05 -0.17 2
0.13 0.11 2
-0.19 0.15 2
-0.16 -0.10 2
-0.19 0.05 2
0.20 0.07 2
0.03 0.21 2
0.10 -0.18 2
0.24 0.02 2
0.11 -0.13 2
0.16 0.08 2
-0.08 -0.14 2
-0.20 -0.00 2
0.05 0.26 2
-0.17 -0.08 2
0.19 0.18 2
-0.12 -0.22 2
-0.22 -0.16 2
0.26 0.09 2
0.18 0.07 2
0.11 0.16 2
0.23 0.03 2
-0.18 0.08 2
0.14 -0.24 2
-0.20 -0.18 2
-0.23 -0.03 2
0.12 -0.14 2
0.21 0.15 2
0.16 -0.10 2
0.17 0.14 2
-0.21 -0.02 2
0.14 0.18 2
-0.28 -0.11 2
0.26 0.01 2
0.03 -0.30 2
0.11 -0.15 2
0.20 -0.11 2
0.16 -0.01 2
-0.26 -0.01 2
-0.03 0.24 2
0.22 0.16 2
-0.30 -0.01 2
-0.25 -0.15 2
0.02 -0.21 2
0.13 0.07 2
-0.12 -0.20 2
-0.18 -0.02 2
0.09 0.16 2
0.18 -0.07 2
-0.14 -0.09 2
-0.24 0.10 2
0.25 -0.09 2
-0.13 -0.19 2
-0.19 0.06 2
0.15 -0.23 2
-0.23 -0.05 2
-0.28 -0.10 2
-0.12 -0.26 2
-0.14 0.15 2
0.02 0.23 2
-0.18 -0.10 2
0.16 -0.18 2
-0.22 0.15 2
0.20 0.17 2
-0.16 0.06 2
-0.08 0.26 2
-0.13 0.09 2
0.11 -0.18 2
-0.21 0.15 2
-0.21 0.17 2
-0.13 0.16 2
