1.680926387196282290e+00 5.636902976203705951e-01 1.000000000000000000e+00
1.082354907317181869e+00 -1.267274524898658328e+00 3.000000000000000000e+00
1.019955166714950456e+00 1.090741569321934445e+00 1.000000000000000000e+00
-1.367630655649050286e+00 -7.466911070795358984e-01 2.000000000000000000e+00
-1.241022899252152367e+00 -1.206864933325060063e+00 2.000000000000000000e+00
1.285026525257676688e+00 9.545928375106906838e-01 1.000000000000000000e+00
4.881189428124962371e-01 1.585232618569536900e+00 1.000000000000000000e+00
8.905919366824943673e-01 -9.529888434182908208e-01 3.000000000000000000e+00
1.011589165552056357e+00 -1.497014530696586077e+00 3.000000000000000000e+00
1.459833764307537196e+00 1.440807630970085462e+00 1.000000000000000000e+00
1.206945449360436573e+00 -6.094461311305005013e-01 3.000000000000000000e+00
6.527934222427439481e-01 -1.093687675337708054e+00 3.000000000000000000e+00
9.592150897965037171e-01 -6.589325912191914547e-01 3.000000000000000000e+00
7.690251776664051020e-01 1.161774757387545209e+00 1.000000000000000000e+00
1.691175009305182497e+00 -1.318004746816464179e+00 3.000000000000000000e+00
4.905682541703236810e-01 -8.838158573814809404e-01 3.000000000000000000e+00
6.787742135468373128e-01 1.316335518079341016e+00 1.000000000000000000e+00
8.043119200194942531e-01 -1.156356793690333173e+00 3.000000000000000000e+00
-1.029535757327629586e+00 -1.199043485908632301e+00 2.000000000000000000e+00
1.320552819794802657e+00 -1.136015741155416370e+00 3.000000000000000000e+00
1.029317490314456629e+00 -8.251138960740118655e-01 3.000000000000000000e+00
1.284175590332124361e+00 9.534969720727497489e-01 1.000000000000000000e+00
1.560267688127970898e+00 1.271813397482615571e+00 1.000000000000000000e+00
-1.092703890714136650e+00 -1.502801141898992832e+00 2.000000000000000000e+00
1.085903106667683859e+00 -8.173468496573648157e-01 3.000000000000000000e+00
8.694539344835088279e-01 1.554779118543802685e+00 1.000000000000000000e+00
-1.221868898917394031e+00 -5.370956213779792821e-01 2.000000000000000000e+00
-8.430170018404739007e-01 -1.051463899366674504e+00 2.000000000000000000e+00
7.560561153866638406e-01 4.821152193004969444e-01 1.000000000000000000e+00
1.038073627811086030e+00 1.120596809033410413e+00 1.000000000000000000e+00
-1.447377277811681573e+00 -8.681824896206389308e-01 2.000000000000000000e+00
-2.850565675408174293e-01 -7.166561539028758476e-01 2.000000000000000000e+00
-1.356657777335208648e+00 -1.152044906289606319e+00 2.000000000000000000e+00
1.564945209116876290e+00 5.956722816572661561e-01 1.000000000000000000e+00
-9.160226202870285217e-01 -1.029445116892887313e+00 2.000000000000000000e+00
1.257377177287700931e+00 -6.576694400027279785e-01 3.000000000000000000e+00
-1.474881519200524682e+00 -8.168861862678384878e-01 2.000000000000000000e+00
7.707568228280671230e-01 -1.431337442140473648e+00 3.000000000000000000e+00
9.124487911756411496e-01 -1.228447663543486890e+00 3.000000000000000000e+00
7.313600316418973346e-01 1.116070749357778613e+00 1.000000000000000000e+00
8.467584587293380816e-01 6.458103447632763672e-01 1.000000000000000000e+00
6.480629784657521153e-01 1.583086355694787617e+00 1.000000000000000000e+00
8.790469159080460670e-01 1.366733521114728234e+00 1.000000000000000000e+00
-1.178894211535152392e+00 -1.015770188880863900e+00 2.000000000000000000e+00
9.067341484904585247e-01 -9.707799501193650205e-01 3.000000000000000000e+00
-1.007297837319680589e+00 -1.221409272761706521e+00 2.000000000000000000e+00
1.224156500261389446e+00 -1.356683486561120811e+00 3.000000000000000000e+00
-8.721223807665696715e-01 -7.969275894909263469e-01 2.000000000000000000e+00
9.065342403617882017e-01 1.016849602668923547e+00 1.000000000000000000e+00
-7.429508164291926953e-01 -1.195307677990044004e+00 2.000000000000000000e+00
-1.283333876775475169e+00 -1.123014907960764530e+00 2.000000000000000000e+00
5.158306457326145011e-01 9.361779159358093461e-01 1.000000000000000000e+00
3.907946596655517135e-01 -3.806521415922041740e-01 3.000000000000000000e+00
1.062482493423058116e+00 1.292991710945113892e+00 1.000000000000000000e+00
-6.543005305650639869e-01 -6.761144223889536953e-01 2.000000000000000000e+00
-3.222073147927443371e-01 -1.012677145498192877e+00 2.000000000000000000e+00
9.196799389318101037e-01 -1.338403399441002062e+00 3.000000000000000000e+00
9.952953665192335597e-01 -9.517215495105331158e-01 3.000000000000000000e+00
1.446475658138679954e+00 1.568766752809174880e+00 1.000000000000000000e+00
-1.244009277761260801e+00 -1.439927298340754280e+00 2.000000000000000000e+00
7.923850456646825968e-01 -5.390868837262606794e-01 3.000000000000000000e+00
8.561032557976157031e-01 -8.138925104969462199e-01 3.000000000000000000e+00
-1.346854729546573815e+00 -7.656405694870019873e-01 2.000000000000000000e+00
7.977002018027872232e-01 1.009549167482305387e+00 1.000000000000000000e+00
1.192994339518878455e+00 -1.471187022590035864e+00 3.000000000000000000e+00
1.139698731919137842e+00 5.391268941168328999e-01 1.000000000000000000e+00
1.112927659346688802e+00 6.701797628247416760e-01 1.000000000000000000e+00
-1.217679213539075267e+00 -1.415009186618516601e+00 2.000000000000000000e+00
6.854341104798722384e-01 5.739946188463074250e-01 1.000000000000000000e+00
1.209537144732200753e+00 -9.988687332741191804e-01 3.000000000000000000e+00
1.279554512234291064e+00 -8.980105048596214168e-01 3.000000000000000000e+00
-1.139078792393828365e+00 -8.555555578679613360e-01 2.000000000000000000e+00
-7.641016113673071430e-01 -1.139925729020782930e+00 2.000000000000000000e+00
1.208131945807039642e+00 -1.047872031443880081e+00 3.000000000000000000e+00
1.119713903692038937e+00 -1.831777826927995179e+00 3.000000000000000000e+00
8.097033718957109549e-01 8.911776502038585290e-01 1.000000000000000000e+00
3.233307311793431893e-01 -1.306752053090681098e+00 3.000000000000000000e+00
-8.811979862015064668e-01 -1.327918452619151646e+00 2.000000000000000000e+00
1.448223721947281772e+00 9.384525208702597654e-01 1.000000000000000000e+00
8.838019547776143625e-01 9.093091748273993691e-01 1.000000000000000000e+00
7.841186834344621159e-01 -1.243897896566223071e+00 3.000000000000000000e+00
8.759143057720757408e-01 7.757635565677727385e-01 1.000000000000000000e+00
-8.270227550155176965e-01 -1.062489626673398524e+00 2.000000000000000000e+00
1.170187083355800794e+00 -1.066802530154546291e+00 3.000000000000000000e+00
6.080419444794049610e-01 -5.025607961145436287e-01 3.000000000000000000e+00
9.873485646128262738e-01 -1.086066157716972347e+00 3.000000000000000000e+00
1.218727168653261028e+00 1.038694873227223203e+00 1.000000000000000000e+00
-7.151737579222717800e-01 -9.737346275844427357e-01 2.000000000000000000e+00
1.576882607944115389e+00 1.444154437430327231e+00 1.000000000000000000e+00
7.278104906850273448e-01 1.015583618738841620e+00 1.000000000000000000e+00
1.199914924609574385e+00 -1.138215936216566027e+00 3.000000000000000000e+00
-3.510292152157931111e-01 -5.990416151690824975e-01 2.000000000000000000e+00
-1.286783500147833159e+00 -1.103794532709815979e+00 2.000000000000000000e+00
-1.310272852535339316e+00 -7.955216445155118832e-01 2.000000000000000000e+00
1.259330859657851631e+00 7.773504938780674278e-01 1.000000000000000000e+00
1.084132511594888770e+00 -1.297937083278874137e+00 3.000000000000000000e+00
9.915453314984035149e-01 1.128499561159125308e+00 1.000000000000000000e+00
-1.580883941753952193e+00 -9.433664209618514152e-01 2.000000000000000000e+00
7.982618656672146873e-01 8.921340515378376468e-01 1.000000000000000000e+00
-7.684628346358998163e-01 -7.529487538108805555e-01 2.000000000000000000e+00
8.471043454745039725e-01 8.685777095166440365e-01 1.000000000000000000e+00
1.133158969823627737e+00 1.100102298212280116e+00 1.000000000000000000e+00
-1.193085520849867187e+00 -1.667020945667327947e+00 2.000000000000000000e+00
6.241613919850221848e-01 1.233247106749572941e+00 1.000000000000000000e+00
7.885899172431298787e-01 -7.170217825091516062e-01 3.000000000000000000e+00
-9.499979513882412796e-01 -8.094905689323681486e-01 2.000000000000000000e+00
6.619522573729770265e-01 -1.219203325859447462e+00 3.000000000000000000e+00
1.586773692475208275e+00 -8.829720031936221236e-01 3.000000000000000000e+00
9.690343444619325952e-01 1.123179550581511643e+00 1.000000000000000000e+00
8.939704753728402453e-01 -1.484942256595309651e+00 3.000000000000000000e+00
-6.620092233680479055e-01 -1.323979452509026933e+00 2.000000000000000000e+00
1.252489379222090804e+00 -1.074837574048284727e+00 3.000000000000000000e+00
7.947967306788350506e-01 -5.021347611430384550e-01 3.000000000000000000e+00
9.526998951508551805e-01 -3.229829508105371838e-01 3.000000000000000000e+00
-1.005106124158432257e+00 -8.862544793334754534e-01 2.000000000000000000e+00
1.173556449318663431e+00 -8.951036629020477919e-01 3.000000000000000000e+00
9.195989887145858965e-01 1.240736918738918559e+00 1.000000000000000000e+00
8.956263552021541674e-01 1.046904690731194076e+00 1.000000000000000000e+00
9.598895320994682567e-01 -6.766768582071212013e-01 3.000000000000000000e+00
-1.039864173276086712e+00 -1.089337263820518542e+00 2.000000000000000000e+00
8.115737321075263688e-01 -1.144308135538236293e+00 3.000000000000000000e+00
7.416322944835892494e-01 1.573019485929710193e+00 1.000000000000000000e+00
-6.701021212338660327e-01 -8.034208807832206034e-01 2.000000000000000000e+00
7.936487166913952507e-01 -1.364223220928236113e+00 3.000000000000000000e+00
-6.435910622943095127e-01 -9.049172164225450787e-01 2.000000000000000000e+00
-1.273846667633247609e+00 -6.648951135712442007e-01 2.000000000000000000e+00
-1.462239104333387552e+00 -9.810214017399004893e-01 2.000000000000000000e+00
7.336642757109661517e-01 4.057610595328219327e-01 1.000000000000000000e+00
-1.190753823513664322e+00 -7.970700115160500587e-01 2.000000000000000000e+00
1.089471452261816742e+00 1.397915769006109032e+00 1.000000000000000000e+00
-1.394772223153456281e+00 -1.138475381444412626e+00 2.000000000000000000e+00
1.529215703790299141e+00 1.120047162510166894e+00 1.000000000000000000e+00
-1.149409735207691519e+00 -4.211403838549042655e-01 2.000000000000000000e+00
8.042774252838940097e-01 -1.117286012556280239e+00 3.000000000000000000e+00
9.815120793713058012e-01 -1.032191582887352466e+00 3.000000000000000000e+00
1.043213071348263465e+00 1.436282052088892591e+00 1.000000000000000000e+00
-7.925383746789440575e-01 -7.915752569031981878e-01 2.000000000000000000e+00
-1.300064604216869313e+00 -1.463431329033283435e+00 2.000000000000000000e+00
1.341820205362990182e+00 6.295522538939042345e-01 1.000000000000000000e+00
5.997224585791740559e-01 -1.404015251739266557e+00 3.000000000000000000e+00
-1.106198173376045091e+00 -1.412485388025405575e+00 2.000000000000000000e+00
1.201688427103730694e+00 1.122238550872333152e+00 1.000000000000000000e+00
-1.331315001828535127e+00 -9.843504762217076820e-01 2.000000000000000000e+00
1.494440479662267895e+00 -9.507316733537998221e-01 3.000000000000000000e+00
1.148122533204756435e+00 -1.034831181710309966e+00 3.000000000000000000e+00
4.732328249686842403e-01 -8.647196614582255414e-01 3.000000000000000000e+00
1.053227842676125903e+00 8.794657191375214733e-01 1.000000000000000000e+00
-1.011784845468248761e+00 -1.350428049322359270e+00 2.000000000000000000e+00
-1.387857072917034529e+00 -9.198847391952451602e-01 2.000000000000000000e+00
-9.530480386103873380e-01 -9.303456891399173312e-01 2.000000000000000000e+00
1.184223811103824131e+00 1.276662001469957897e+00 1.000000000000000000e+00
1.120702492353264690e+00 7.945569727179060404e-01 1.000000000000000000e+00
6.864239901559135992e-01 -6.366564130951897216e-01 3.000000000000000000e+00
8.677232103122225482e-01 -1.084106648555352770e+00 3.000000000000000000e+00
6.504550477649930773e-01 1.270247946086256130e+00 1.000000000000000000e+00
1.003150006216246171e+00 1.535761148171750579e+00 1.000000000000000000e+00
-1.110754551382733046e+00 -1.071813753272777836e+00 2.000000000000000000e+00
1.014848494495027120e+00 -8.518489671157131182e-01 3.000000000000000000e+00
-7.269463275722224394e-01 -9.048345354426093889e-01 2.000000000000000000e+00
-8.124305646918437152e-01 -1.480617296682024353e+00 2.000000000000000000e+00
1.013727555190433893e+00 9.438448449922499650e-01 1.000000000000000000e+00
-1.136659751055203005e+00 -9.947562522924829898e-01 2.000000000000000000e+00
1.369087204218316201e+00 1.360713954635323297e+00 1.000000000000000000e+00
-1.191231107665668754e+00 -1.119181544298639253e+00 2.000000000000000000e+00
8.801652912211375135e-01 -8.889832336457443862e-01 3.000000000000000000e+00
2.022483286009777448e-01 -8.181041426921857873e-01 3.000000000000000000e+00
1.106909919152320620e+00 1.211971950457584324e+00 1.000000000000000000e+00
1.409359554430741346e+00 -1.206834755364981193e+00 3.000000000000000000e+00
7.916296420805903900e-01 9.551096379016987825e-01 1.000000000000000000e+00
-1.344240595723330767e+00 -1.131346013423330188e+00 2.000000000000000000e+00
1.353633871347895257e+00 9.460225492562946981e-01 1.000000000000000000e+00
-1.162858442805015269e+00 -8.751849861215723614e-01 2.000000000000000000e+00
7.043467786947548159e-01 -1.441550502239075993e+00 3.000000000000000000e+00
-1.427218272694759538e+00 -1.147995965008658192e+00 2.000000000000000000e+00
1.093920310495270387e+00 7.437712782094825226e-01 1.000000000000000000e+00
8.845360572456173465e-01 -9.716945232048778136e-01 3.000000000000000000e+00
-1.223426446614531926e+00 -1.247931561597704242e+00 2.000000000000000000e+00
1.560267397044990290e+00 7.068166360370766732e-01 1.000000000000000000e+00
6.188545004542799211e-01 1.290819012447403269e+00 1.000000000000000000e+00
4.470791349530054415e-01 -1.143392201212146020e+00 3.000000000000000000e+00
9.428039519255801970e-01 -1.118454854210034988e+00 3.000000000000000000e+00
-9.574140510037660867e-01 -1.095798525143528490e+00 2.000000000000000000e+00
-7.237423528657542793e-01 -9.043817041170936211e-01 2.000000000000000000e+00
-1.179194820689608791e+00 -1.071376518920802212e+00 2.000000000000000000e+00
-1.020472481597389347e+00 -4.859971835051900557e-01 2.000000000000000000e+00
1.231975893220779827e+00 -1.355164192057995320e+00 3.000000000000000000e+00
-8.079605421707223289e-01 -1.485086813293250430e+00 2.000000000000000000e+00
9.379288971508085160e-01 -7.359463263757652918e-01 3.000000000000000000e+00
-8.436805370641724533e-01 -1.172736390943919904e+00 2.000000000000000000e+00
1.228311317544098058e+00 1.036502504947848458e+00 1.000000000000000000e+00
2.341030552497763706e-01 1.196085578632108071e+00 1.000000000000000000e+00
1.293621395231721705e+00 1.672267959760437295e+00 1.000000000000000000e+00
7.387608552454354438e-01 8.263451005706753394e-01 1.000000000000000000e+00
-8.428326928497382742e-01 -9.734733738866016006e-01 2.000000000000000000e+00
1.439973614672253266e+00 -7.442344181616304954e-01 3.000000000000000000e+00
9.645507864614291105e-01 -1.204053461199054986e+00 3.000000000000000000e+00
5.109404959101866428e-01 1.138834676657732192e+00 1.000000000000000000e+00
-5.516546366525894030e-01 -1.620995507504059852e+00 2.000000000000000000e+00
1.046484227709074899e+00 1.113448755880652064e+00 1.000000000000000000e+00
9.668378028302582194e-01 -6.939481864852601323e-01 3.000000000000000000e+00
