1.577171266378084136e+00 -1.831106869048567676e-01 2.000000000000000000e+00
5.685693687745277947e-01 -3.735334619374927612e-01 2.000000000000000000e+00
5.073391572237554437e-01 7.637651888346232987e-01 1.000000000000000000e+00
1.341049813199841345e-01 8.359662650811049145e-02 2.000000000000000000e+00
1.953002214811371484e+00 3.999847753010999929e-01 2.000000000000000000e+00
-9.206646389636018446e-01 2.403125264379058490e-01 1.000000000000000000e+00
1.000766617943736003e+00 2.772179410044885994e-01 1.000000000000000000e+00
1.081622257773464518e-01 -9.995554048502114375e-02 2.000000000000000000e+00
1.781561214492402678e+00 -5.133901277289436987e-02 2.000000000000000000e+00
9.741923554388937090e-01 1.913428884952465825e-01 1.000000000000000000e+00
2.059752780179460729e-04 3.205232230839620278e-01 2.000000000000000000e+00
2.701733924981779555e-01 -1.986009680960120205e-01 2.000000000000000000e+00
7.585680743778848711e-01 -4.332575185048248567e-01 2.000000000000000000e+00
-5.171540760483870347e-01 8.770791060604136158e-01 1.000000000000000000e+00
1.492032390139609532e+00 -3.163519251343442917e-01 2.000000000000000000e+00
4.007002407004638111e-02 4.230784696742433404e-01 2.000000000000000000e+00
6.287017335001502394e-01 -3.669700791433002651e-01 2.000000000000000000e+00
4.537617778568407978e-01 9.135035971941003474e-01 1.000000000000000000e+00
1.282388474518458832e+00 -5.405489485410468475e-01 2.000000000000000000e+00
-2.911276428195701260e-02 1.067648684046014207e+00 1.000000000000000000e+00
5.725314680551732982e-01 8.528133593573951066e-01 1.000000000000000000e+00
1.989636648902871618e+00 4.540718748249300551e-01 2.000000000000000000e+00
3.644108500614619273e-02 2.150323748598530760e-01 2.000000000000000000e+00
6.393329927986444172e-01 -2.965753934282809867e-01 2.000000000000000000e+00
1.275272531736342030e+00 -4.326283757965908583e-01 2.000000000000000000e+00
7.028011631077839549e-01 -4.113167620463448748e-01 2.000000000000000000e+00
1.994633632119835021e+00 3.358243430054846379e-01 2.000000000000000000e+00
9.565885637847737488e-01 -4.287725431097311191e-01 2.000000000000000000e+00
1.000872437760708555e+00 1.024350217845891586e-01 1.000000000000000000e+00
2.067137143964337814e-02 1.065369031824583146e-01 2.000000000000000000e+00
1.802118861912135994e+00 -6.295656224303822213e-02 2.000000000000000000e+00
-2.445599859543107213e-01 9.164217682659832054e-01 1.000000000000000000e+00
-1.770519404357668025e-01 9.316751603518635960e-01 1.000000000000000000e+00
1.259359501226049893e+00 -4.749217119834690526e-01 2.000000000000000000e+00
7.699494168632092794e-01 -4.699765685609711974e-01 2.000000000000000000e+00
-2.144890216729032351e-01 9.248219076504202718e-01 1.000000000000000000e+00
-4.289101406409125961e-01 9.529141241057583755e-01 1.000000000000000000e+00
-2.581404817020504505e-01 1.025241512813509059e+00 1.000000000000000000e+00
8.187402460742043697e-01 -5.429923466309233282e-01 2.000000000000000000e+00
-9.142103298546300216e-01 6.831550429452428741e-01 1.000000000000000000e+00
2.904561782426857697e-01 -2.613968821427870015e-01 2.000000000000000000e+00
3.936476511330753714e-01 8.709285076425568040e-01 1.000000000000000000e+00
1.814339230199592201e+00 -5.140678552043141669e-02 2.000000000000000000e+00
3.470838056265573290e-01 -2.917265060357915329e-01 2.000000000000000000e+00
1.760103296058369016e-01 -8.579669674273371349e-02 2.000000000000000000e+00
7.547925717217262020e-01 5.634399521495834229e-01 1.000000000000000000e+00
-5.573966889389830870e-01 7.994013500395865668e-01 1.000000000000000000e+00
9.764468683678159122e-01 -5.147662756980798948e-02 1.000000000000000000e+00
1.679558420082096104e+00 -2.351313394891700326e-01 2.000000000000000000e+00
1.925032183461707902e+00 3.678296925594840006e-01 2.000000000000000000e+00
1.675159682301275321e+00 -2.701605247871413096e-01 2.000000000000000000e+00
-8.426200837964560320e-01 3.747274350429234957e-01 1.000000000000000000e+00
-3.365079922388498623e-01 9.983086872649507004e-01 1.000000000000000000e+00
-9.046572103597217973e-01 5.457705915383886941e-01 1.000000000000000000e+00
1.921849029640619211e+00 2.738926806885939591e-01 2.000000000000000000e+00
-8.942597690521744136e-01 2.489186105374760483e-01 1.000000000000000000e+00
9.861611030788755006e-01 -1.178298654080645741e-02 1.000000000000000000e+00
-3.641596923471148162e-01 9.066252141372850293e-01 1.000000000000000000e+00
1.608089317512786165e+00 -2.577940597054573235e-01 2.000000000000000000e+00
1.243492954097488723e-01 2.210285637252083768e-01 2.000000000000000000e+00
7.612834926502898281e-01 6.293126371081283477e-01 1.000000000000000000e+00
9.802020443105582403e-01 1.046370586457212766e-02 1.000000000000000000e+00
9.397857979426569308e-01 -4.231132574786841127e-01 2.000000000000000000e+00
1.056650123340092007e+00 -4.665248251764143594e-01 2.000000000000000000e+00
3.593687985599737789e-01 -2.860891455369304892e-01 2.000000000000000000e+00
8.665347210703285008e-02 -3.603079880033978333e-02 2.000000000000000000e+00
-2.243660427523102435e-02 3.676331920109212614e-01 2.000000000000000000e+00
-2.573184008217986873e-01 1.014210304157108888e+00 1.000000000000000000e+00
4.696534742228615777e-01 8.973097979516359013e-01 1.000000000000000000e+00
-9.540699430109211843e-01 -8.494880603581597689e-03 1.000000000000000000e+00
1.945013945138476030e+00 3.784993806859818233e-01 2.000000000000000000e+00
1.677327439132139109e+00 -1.041383066955127445e-01 2.000000000000000000e+00
-1.022765418901737000e+00 1.248859904219795924e-01 1.000000000000000000e+00
1.192414879184039211e+00 -4.168467328177161146e-01 2.000000000000000000e+00
-9.364845243395355512e-01 4.323008354184914581e-01 1.000000000000000000e+00
-9.277561397073441629e-02 9.967550273015260975e-01 1.000000000000000000e+00
-8.611926512923906429e-01 2.906462456474039335e-01 1.000000000000000000e+00
-5.616056086091079091e-01 8.423358114498743499e-01 1.000000000000000000e+00
1.702519843100110508e+00 -2.541722910356089549e-01 2.000000000000000000e+00
8.245276069485029113e-01 6.289017209041980472e-01 1.000000000000000000e+00
1.293953685809991372e+00 -4.142499222410219728e-01 2.000000000000000000e+00
1.909324132089909476e+00 -3.456818135561385424e-02 2.000000000000000000e+00
1.927289056943832124e+00 1.159844061482881716e-01 2.000000000000000000e+00
6.711105075043277690e-02 1.734183644632840693e-01 2.000000000000000000e+00
1.456641839113923753e+00 -3.359006630219081302e-01 2.000000000000000000e+00
8.493071756983798792e-01 -5.248637527105951550e-01 2.000000000000000000e+00
2.020614339781269919e+00 2.110698556022858607e-01 2.000000000000000000e+00
4.971113217094044745e-02 9.576252339866502261e-01 1.000000000000000000e+00
2.973943629091980734e-01 9.777772436375778975e-01 1.000000000000000000e+00
9.724394396618988301e-01 4.367623102619844211e-01 1.000000000000000000e+00
1.378354945029110601e+00 -5.332807613406566061e-01 2.000000000000000000e+00
1.369842294867408494e+00 -4.301330219837298796e-01 2.000000000000000000e+00
9.619350955674860204e-01 2.788274460773350061e-01 1.000000000000000000e+00
-5.575606472229351906e-01 8.778380780622914159e-01 1.000000000000000000e+00
1.842176276531942714e+00 2.230620436610278312e-03 2.000000000000000000e+00
4.525750310928285391e-01 -2.883944540531550027e-01 2.000000000000000000e+00
8.804105465992157625e-03 4.037483844685859080e-01 2.000000000000000000e+00
5.194468468911985770e-01 -3.498524680952089239e-01 2.000000000000000000e+00
-2.823451476591245513e-01 9.071508814655536712e-01 1.000000000000000000e+00
-7.091427010714226320e-01 6.365531200590210936e-01 1.000000000000000000e+00
1.542449738570132345e+00 -4.717325252419073411e-01 2.000000000000000000e+00
3.146771647141907713e-01 1.001385153090506241e+00 1.000000000000000000e+00
9.728921050812828764e-01 2.249604237825196529e-01 1.000000000000000000e+00
9.666041310810828957e-01 4.483460772372493963e-01 1.000000000000000000e+00
6.910445272513500159e-01 7.404010710247977967e-01 1.000000000000000000e+00
2.044589880923408209e+00 5.398045308572297918e-01 2.000000000000000000e+00
-5.573969883577806206e-01 7.550977102464417889e-01 1.000000000000000000e+00
-8.397887756258133329e-01 6.019121773894494654e-01 1.000000000000000000e+00
7.973212293983434895e-01 4.858996909859784608e-01 1.000000000000000000e+00
-9.519901409395588043e-01 1.557896071304658570e-01 1.000000000000000000e+00
9.508677440232724543e-01 -5.584627793339450585e-01 2.000000000000000000e+00
-7.770135358396628167e-01 6.359342155571607869e-01 1.000000000000000000e+00
9.309492242867305201e-02 1.461117975227083643e-01 2.000000000000000000e+00
-7.892595556136974277e-01 5.438584767420592270e-01 1.000000000000000000e+00
1.947739163181192668e+00 -4.122335664862934734e-02 2.000000000000000000e+00
1.014803054306094188e+00 4.724469013620513635e-01 1.000000000000000000e+00
1.886765651404606281e+00 1.083438073357770315e-03 2.000000000000000000e+00
3.559252494926355426e-01 -2.119597911344014429e-01 2.000000000000000000e+00
-6.603089673133488713e-01 7.730795539272441452e-01 1.000000000000000000e+00
-1.054383309828287318e+00 1.771946379285341266e-01 1.000000000000000000e+00
1.588338991808086353e+00 -3.046240280290690161e-01 2.000000000000000000e+00
1.889891647325159907e+00 1.611836271295687406e-01 2.000000000000000000e+00
7.352887696352519709e-02 6.278661617027150865e-02 2.000000000000000000e+00
-1.023557033760965185e+00 1.104521572830416409e-01 1.000000000000000000e+00
8.035883873355295637e-02 1.388580868243702304e-02 2.000000000000000000e+00
2.167918715695021370e-01 9.490680546787443328e-01 1.000000000000000000e+00
7.569838964560289540e-02 9.869912375158155227e-01 1.000000000000000000e+00
-8.389414601066829125e-01 2.724095203714106961e-01 1.000000000000000000e+00
9.125320540646976175e-01 5.114820114973730458e-01 1.000000000000000000e+00
8.025826589060773841e-01 -6.012024354937843817e-01 2.000000000000000000e+00
-5.063520134200263367e-01 8.722930185672749248e-01 1.000000000000000000e+00
7.480864820387962411e-01 -4.255204358664430586e-01 2.000000000000000000e+00
5.912492842451645414e-01 8.499335947570859640e-01 1.000000000000000000e+00
6.314884775921157933e-01 6.814393321311447149e-01 1.000000000000000000e+00
-6.850880189276027377e-01 7.089085005353602531e-01 1.000000000000000000e+00
3.012292956015927281e-01 -1.473663618849832269e-01 2.000000000000000000e+00
-1.007083070153545146e+00 1.661255873642528136e-01 1.000000000000000000e+00
1.900594999637901461e+00 8.588042961988258395e-02 2.000000000000000000e+00
4.146450983040638194e-01 -1.496988726797914282e-01 2.000000000000000000e+00
8.903700709016260095e-01 5.606659038227604919e-01 1.000000000000000000e+00
5.200297786245074994e-01 9.448293054658878365e-01 1.000000000000000000e+00
1.825327660106283334e+00 6.406286378660669412e-02 2.000000000000000000e+00
6.473202296810246503e-01 -4.737045268644405338e-01 2.000000000000000000e+00
-8.673475136805142149e-01 6.609385865525216897e-01 1.000000000000000000e+00
2.742304692686099443e-01 -4.047947042879811164e-02 2.000000000000000000e+00
1.573450690819505171e+00 -2.993296633598929724e-01 2.000000000000000000e+00
1.901794793632409997e+00 2.619976703675901408e-01 2.000000000000000000e+00
3.775127115916976361e-02 3.397150093278718530e-01 2.000000000000000000e+00
2.755858555677324906e-02 9.831976059774431009e-01 1.000000000000000000e+00
8.634504478815628881e-01 -4.829881024872238471e-01 2.000000000000000000e+00
1.533801317233065009e-01 1.031206584618461708e+00 1.000000000000000000e+00
5.851959119765841322e-02 2.105109539278894049e-01 2.000000000000000000e+00
4.689943783295528190e-01 -2.948721255224138194e-01 2.000000000000000000e+00
5.594819894741807909e-02 1.034801554225660780e+00 1.000000000000000000e+00
1.397026723696034589e-01 1.005246269639038736e+00 1.000000000000000000e+00
-1.011885444846669646e+00 -2.338956588813617676e-02 1.000000000000000000e+00
1.506963585662781435e+00 -4.164044661975803141e-01 2.000000000000000000e+00
9.233838128034482784e-02 4.514625040911308951e-02 2.000000000000000000e+00
1.273558479468682503e+00 -4.916678582720912516e-01 2.000000000000000000e+00
1.005772233106802860e+00 2.468196673963843624e-01 1.000000000000000000e+00
-8.409991825167391077e-01 4.640081868369488327e-01 1.000000000000000000e+00
-9.759278093668825038e-01 2.682055371863837495e-02 1.000000000000000000e+00
1.143716384375883743e+00 -4.258667475948398895e-01 2.000000000000000000e+00
8.905025219514648427e-01 4.836212200248134474e-01 1.000000000000000000e+00
-4.778188843550762455e-01 8.592748805208764162e-01 1.000000000000000000e+00
-4.318962308442803738e-02 9.687917425404816152e-01 1.000000000000000000e+00
1.054872555207376994e+00 8.421998101003555504e-02 1.000000000000000000e+00
3.109242932136022097e-01 8.886863762826902047e-01 1.000000000000000000e+00
9.492156986962037024e-01 3.929949905224414675e-01 1.000000000000000000e+00
1.373465183700248726e+00 -4.198565215207757939e-01 2.000000000000000000e+00
2.057993896673433021e+00 4.948428425811537412e-01 2.000000000000000000e+00
1.063018965846102448e+00 -4.535767121317887951e-01 2.000000000000000000e+00
1.982548150873142845e+00 3.557985507250088775e-01 2.000000000000000000e+00
-1.229716272522048126e-01 9.398061705660232246e-01 1.000000000000000000e+00
-9.085584508022536143e-01 4.863777939164597441e-01 1.000000000000000000e+00
-1.091787530857804035e-02 3.802729442456322384e-01 2.000000000000000000e+00
5.102608182914220025e-01 -3.150461578553405140e-01 2.000000000000000000e+00
1.660745401902524954e+00 -8.804669738463606621e-02 2.000000000000000000e+00
-6.256641061820078509e-01 7.736847583134356388e-01 1.000000000000000000e+00
8.083899277731405597e-01 7.548009106964922443e-01 1.000000000000000000e+00
7.863098448033258026e-02 -7.110897953875852662e-02 2.000000000000000000e+00
8.134563930207753257e-01 -5.667923094449539567e-01 2.000000000000000000e+00
-9.719911353607129101e-01 4.420342472936604761e-01 1.000000000000000000e+00
-6.982314471090474983e-01 7.327515108209747829e-01 1.000000000000000000e+00
3.744050051809196256e-01 9.133675698872572024e-01 1.000000000000000000e+00
7.652743860039723511e-01 6.502153728606961947e-01 1.000000000000000000e+00
2.783633169194050794e-01 -1.478606518438646267e-01 2.000000000000000000e+00
-3.502629984921222517e-02 3.642428670188965767e-01 2.000000000000000000e+00
9.506592292438320602e-02 1.013370719082613558e+00 1.000000000000000000e+00
6.870106661201276221e-01 7.790422363649398552e-01 1.000000000000000000e+00
6.262368300687336520e-01 -3.815332853268518787e-01 2.000000000000000000e+00
-7.962876675145593719e-01 6.453395675287987299e-01 1.000000000000000000e+00
8.030026717297663597e-01 7.237758613057838630e-01 1.000000000000000000e+00
6.248966354002637447e-01 8.409096216005939040e-01 1.000000000000000000e+00
9.389465571229050900e-01 3.885217472169906761e-01 1.000000000000000000e+00
1.703675776471704761e+00 -2.316728930840939449e-01 2.000000000000000000e+00
9.910265752495087677e-01 3.099911976934790481e-01 1.000000000000000000e+00
4.419733281835457328e-01 9.792459695914017548e-01 1.000000000000000000e+00
2.811825640077678101e-01 9.514800854893658011e-01 1.000000000000000000e+00
1.158599823522223682e+00 -3.891456783428404731e-01 2.000000000000000000e+00
